  -5.00602712237420     
 (256.796100000000,67.4011500000000)
           0           2           0           0
 strings
 circles
           1         100
 (33989.9500152142,0.000000000000000E+000)
 (-67.9302556541016,-5.18987239701401)
 (-1.23055126218282,-2.26047737682788)
 (-0.103983865149129,-0.817450971823154)
 (6.382347058027657E-002,-0.257473476374085)
 (4.922148112065143E-002,-7.043503881048978E-002)
 (2.319550409751949E-002,-1.574869255185867E-002)
 (8.969933700404090E-003,-2.142551217971733E-003)
 (3.036943905938613E-003,3.828838103851261E-004)
 (9.083068792966311E-004,4.770621001043509E-004)
 (2.317330328846504E-004,2.589118919723720E-004)
 (4.338681375419299E-005,1.107581730850778E-004)
 (6.719070271795556E-007,4.116165501490183E-005)
 (-4.825971022779862E-006,1.356744237929055E-005)
 (-3.284250867250189E-006,3.887461372917214E-006)
 (-1.587083874224473E-006,8.823173329505095E-007)
 (-6.469876880107045E-007,9.310821453306300E-008)
 (-2.312270682634823E-007,-5.274444989631376E-008)
 (-7.180103386957694E-008,-4.852036623558257E-008)
 (-1.808861727535471E-008,-2.622498100177397E-008)
 (-2.666771004726571E-009,-1.146850429816957E-008)
 (6.507992558847017E-010,-4.322460508810458E-009)
 (8.216966974740150E-010,-1.405965243733733E-009)
 (4.827196449480762E-010,-3.743208897361386E-010)
 (2.191753873284310E-010,-6.129579168837470E-011)
 (8.617776801776958E-011,1.022659860461347E-011)
 (2.846008959214760E-011,1.517375223164380E-011)
 (1.063465238309233E-011,8.868191563553560E-012)
 (-1.600315144262363E-012,9.288207830652320E-012)
 (-4.993674416107722E-012,4.544416510160315E-012)
 (-3.144805341631853E-012,1.681394233797250E-012)
 (-2.134639635951291E-012,-9.955448862562374E-013)
 (-1.707977541841476E-012,-2.631747496378304E-013)
 (-9.982032170606601E-013,-1.172323884750336E-012)
 (-1.822285766431644E-012,-2.477564309721798E-012)
 (-9.304157815478855E-015,-2.299456145825489E-013)
 (-1.254732139687434E-012,-4.851453718071117E-013)
 (3.801413050324218E-013,-1.342457056233378E-012)
 (-9.290866161456742E-013,6.379993930614072E-014)
 (-8.745908346550123E-013,-1.329165402211265E-013)
 (-4.014079514678020E-013,1.661456752764081E-013)
 (-8.333867071864631E-013,3.170059484273867E-012)
 (-1.959189802859404E-012,-5.489453111132524E-013)
 (2.908213900038248E-012,-2.001723095730165E-012)
 (-1.781081638963095E-012,8.014867375333928E-013)
 (-1.034090682920364E-012,-6.207202428326608E-013)
 (2.660989135226952E-012,4.372954173275062E-013)
 (-2.286164491803376E-012,-3.691092321940683E-012)
 (-1.474044431052293E-012,1.484677754269983E-012)
 (-7.509784522493647E-013,-3.318926009321529E-012)
 (-3.602038239992528E-013,-6.193910774304495E-013)
 (-2.263568679965784E-012,-1.557781851391603E-012)
 (1.194919696587927E-012,1.249415478078589E-012)
 (-8.732616692528011E-013,-1.116498937857463E-012)
 (1.650823429546391E-012,3.455830045749289E-014)
 (-5.759273687781411E-012,-2.151918786180038E-012)
 (1.915327344586433E-012,-1.129790591879575E-012)
 (4.555714416079111E-012,-8.161075569577167E-013)
 (-2.614468346149558E-012,3.564821608730613E-012)
 (1.777758725457567E-012,2.719472412924248E-012)
 (-9.935511381529205E-013,1.961848133663827E-012)
 (-2.332685280880770E-012,-1.762473323332137E-012)
 (-9.576636722932163E-013,1.967164795272672E-012)
 (9.510178452821601E-013,-2.525414264201403E-013)
 (-7.469909560427310E-013,-1.462081942432391E-012)
 (-6.443129287219107E-013,3.312280182310472E-012)
 (-6.087577542127594E-013,3.120880364392050E-012)
 (-2.805535872717428E-012,1.432840303583744E-012)
 (-1.969823126077095E-012,-6.698993627144775E-013)
 (-4.818224583015836E-013,1.565756843804870E-012)
 (-7.410097117327802E-013,6.140744158216044E-013)
 (-6.309548164296875E-012,-6.486327162790973E-013)
 (-1.148066616159980E-012,-3.298988528288360E-012)
 (-1.908515371900100E-012,-1.509931896911997E-012)
 (-1.186737022080564E-012,-2.847072291536530E-012)
 (9.823383818927039E-012,-3.017205463019572E-012)
 (6.966488164339793E-013,-7.177493171940831E-013)
 (-5.496098938143581E-012,6.645827011056325E-014)
 (-2.149426601050892E-012,-3.942304582958612E-012)
 (1.227650394617380E-012,2.844413960732107E-012)
 (-3.358967117063143E-012,3.668496510103091E-013)
 (-6.758806070244282E-013,3.115563702783205E-012)
 (-3.352155144376810E-012,3.022522124628417E-012)
 (-2.761008831743350E-012,1.555123520587180E-012)
 (-4.269611563253136E-012,-1.509931896911997E-012)
 (-4.374947921378379E-012,-2.589214203507544E-012)
 (4.025377420596816E-012,-7.206734810789479E-012)
 (-3.257119818118705E-012,-6.935585068738381E-012)
 (2.141950045663453E-012,-4.519162367518301E-013)
 (7.576242792604210E-013,-1.165678057739279E-011)
 (1.466734021340131E-012,1.020267362737367E-011)
 (3.287690622369564E-012,1.419548649561631E-012)
 (-4.930539059502688E-012,5.247545007930074E-012)
 (1.933271077516285E-012,-7.549659484559985E-013)
 (5.952002671102044E-012,-4.394220819710442E-012)
 (4.087183611799640E-013,5.375144886542356E-012)
 (-4.632141426706258E-013,1.741206676896757E-012)
 (1.648165098741969E-012,-1.633544279317645E-012)
 (-2.603835022931868E-012,4.465995751429850E-013)
 (-2.998597147388614E-012,6.790706039897353E-012)
 (-9.636449166031672E-013,-1.567086009207081E-012)
           2         100
 (8699.47082548778,0.000000000000000E+000)
 (-67.7891945060889,-3.85644083365976)
 (1.24360777107220,2.26224636452270)
 (-0.134107275960983,-1.08969765085678)
 (-0.118879876046358,0.452271316072286)
 (0.118470500292883,-0.160514683888972)
 (-7.237551091276009E-002,4.506482907391362E-002)
 (3.591839402817634E-002,-6.519818413873426E-003)
 (-1.535922071370273E-002,-3.066673837932752E-003)
 (5.658840843366752E-003,3.651216611710092E-003)
 (-1.692375993041228E-003,-2.358008676823849E-003)
 (3.076624815410689E-004,1.215687631112101E-003)
 (6.837054060312345E-005,-5.388940084960995E-004)
 (-1.130733383469914E-004,2.070967942940315E-004)
 (7.875286425468769E-005,-6.605023368312494E-005)
 (-4.255448391285275E-005,1.434333632085461E-005)
 (1.965751211447169E-005,9.337326893799333E-007)
 (-7.899643173266065E-006,-3.526818141350281E-006)
 (2.678912345891066E-006,2.716270393218661E-006)
 (-6.664757134173000E-007,-1.550577887582868E-006)
 (2.486688378578576E-008,7.485981176140677E-007)
 (1.111615239995360E-007,-3.143797956666520E-007)
 (-9.744667088651976E-008,1.126000570116692E-007)
 (5.906016464296282E-008,-3.100121079740183E-008)
 (-2.978841379808506E-008,3.251761212447264E-009)
 (1.302322475459395E-008,3.557832087565518E-009)
 (-4.881362833454807E-009,-3.655555402327137E-009)
 (1.448364887919744E-009,2.352717818121957E-009)
 (-2.183913735189568E-010,-1.231792138930379E-009)
 (-1.197617741693387E-010,5.606954660963833E-010)
 (1.416690342491742E-010,-2.163113595591955E-010)
 (-9.918568265472660E-011,6.687431587368765E-011)
 (5.193474933009321E-011,-1.231154308351743E-011)
 (-2.529321196484252E-011,-4.743360315807192E-012)
 (8.561260757232428E-012,4.158009468324602E-012)
 (-3.197226697973869E-012,-4.352790008952429E-012)
 (-2.462510461823308E-013,2.012395844621179E-012)
 (4.137824956342444E-013,-2.064875575774790E-012)
 (-9.093122647962297E-013,4.995666715584170E-013)
 (-4.158009468324602E-013,-2.432233693850071E-013)
 (-3.401090268993667E-013,1.554207422626186E-013)
 (-5.419541467209493E-013,2.212222513244546E-012)
 (-1.417961966746618E-012,-3.663488924761725E-013)
 (2.063866350175682E-012,-1.424017320341265E-012)
 (-1.259513547686675E-012,5.772770426897263E-013)
 (-7.084763705737550E-013,-4.491053916030213E-013)
 (1.904408705516632E-012,3.411182524984746E-013)
 (-1.623843988964632E-012,-2.630041911275222E-012)
 (-1.019317855098992E-012,1.079871391045467E-012)
 (-4.612160987923163E-013,-2.323237329146416E-012)
 (-2.301034365966042E-013,-4.077271420395969E-013)
 (-1.591548769793179E-012,-1.095009775032086E-012)
 (8.371526344600139E-013,8.800447224221003E-013)
 (-6.554920266205896E-013,-7.690299065202298E-013)
 (1.244375163700057E-012,3.835057276610070E-014)
 (-4.087868289186603E-012,-1.501727691472575E-012)
 (1.288781090060805E-012,-7.771037113130931E-013)
 (3.264340200314545E-012,-6.287475482442299E-013)
 (-1.827707559984431E-012,2.552331540143912E-012)
 (1.257999709288014E-012,1.893307223926445E-012)
 (-6.988887273822298E-013,1.380620619579625E-012)
 (-1.719215808080330E-012,-1.244375163700057E-012)
 (-7.246239801594816E-013,1.405851259557323E-012)
 (6.943472121862443E-013,-1.493653886679711E-013)
 (-5.434679851196112E-013,-1.047576171874014E-012)
 (-4.203424620284458E-013,2.360578676313409E-012)
 (-3.986441116476257E-013,2.212222513244546E-012)
 (-1.994986703036567E-012,1.007207147909697E-012)
 (-1.372546814786762E-012,-4.834190619726904E-013)
 (-3.327921413058343E-013,1.075834488649035E-012)
 (-4.573053495957732E-013,4.501146172021293E-013)
 (-4.446269530069800E-012,-4.319485564181868E-013)
 (-7.783652433119780E-013,-2.323237329146416E-012)
 (-1.330979335423505E-012,-1.067760683856172E-012)
 (-8.461410499520688E-013,-2.030561905405121E-012)
 (6.899239656151541E-012,-2.135521367712344E-012)
 (5.099427722492452E-013,-5.288342139325465E-013)
 (-3.877570904972491E-012,3.431367036966905E-014)
 (-1.478893962292758E-012,-2.807665616718214E-012)
 (8.767647392249995E-013,1.980100625449726E-012)
 (-2.356794080316754E-012,2.422141437858992E-013)
 (-5.043604931541796E-013,2.215250190041869E-012)
 (-2.302043591565150E-012,2.108272276536431E-012)
 (-1.886494951132467E-012,1.121249640608892E-012)
 (-2.947695668594437E-012,-1.069779135054388E-012)
 (-3.105387168455049E-012,-1.794403115213870E-012)
 (2.876292957457552E-012,-5.066312507521724E-012)
 (-2.358055612315639E-012,-4.886670350880515E-012)
 (1.539573651439122E-012,-2.068912478171222E-013)
 (4.889698027677839E-013,-8.275649912684888E-012)
 (1.013767114303899E-012,7.238165996801953E-012)
 (2.376726285899135E-012,9.072938135980139E-013)
 (-3.478800640124977E-012,3.723033235109091E-012)
 (1.368509912390330E-012,-5.470002747164889E-013)
 (4.217049165872415E-012,-3.116488650045236E-012)
 (2.780416525542301E-013,3.802762057438617E-012)
 (-3.143737741221150E-013,1.240338261303625E-012)
 (1.175747822960719E-012,-1.155563310978560E-012)
 (-1.836285977576848E-012,3.340536733047193E-013)
 (-2.121896822124387E-012,4.775655534978645E-012)
 (-6.903103097898126E-013,-1.132351122199079E-012)
 ellipses
 areasinks
