EVAL  Pn
0006  1.000000E+00
0007  1.000000E+00
0008  1.000000E+00
0009  1.000000E+00
0010  8.881746E-01
0011  8.227610E-01
0012  7.763493E-01
0013  7.403495E-01
0014  7.109356E-01
0015  6.860665E-01
0016  6.645239E-01
0017  6.455220E-01
0018  6.285242E-01
0019  6.131478E-01
0020  5.991102E-01
0021  5.861970E-01
0022  5.742411E-01
0023  5.631105E-01
0024  5.526985E-01
0025  5.429180E-01
0026  5.336966E-01
0027  5.249739E-01
0028  5.166988E-01
0029  5.088275E-01
0030  5.013224E-01
0031  4.941510E-01
0032  4.872849E-01
0033  4.806991E-01
0034  4.743716E-01
0035  4.682829E-01
0036  4.624158E-01
0037  4.567545E-01
0038  4.512851E-01
0039  4.459952E-01
0040  4.408731E-01
0041  4.359088E-01
0042  4.310926E-01
0043  4.264160E-01
0044  4.218712E-01
0045  4.174509E-01
0046  4.131486E-01
0047  4.089579E-01
0048  4.048734E-01
0049  4.008898E-01
0050  3.970021E-01
0051  3.932059E-01
0052  3.894970E-01
0053  3.858715E-01
0054  3.823256E-01
0055  3.788560E-01
0056  3.754595E-01
0057  3.721330E-01
0058  3.688737E-01
0059  3.656789E-01
0060  3.625462E-01
0061  3.594732E-01
0062  3.564576E-01
0063  3.534973E-01
0064  3.505904E-01
0065  3.477349E-01
0066  3.449291E-01
0067  3.421713E-01
0068  3.394598E-01
0069  3.367931E-01
0070  3.341698E-01
0071  3.315885E-01
0072  3.290478E-01
0073  3.265465E-01
0074  3.240834E-01
0075  3.216573E-01
0076  3.192672E-01
0077  3.169120E-01
0078  3.145907E-01
0079  3.123022E-01
0080  3.100458E-01
0081  3.078206E-01
0082  3.056256E-01
0083  3.034600E-01
0084  3.013232E-01
0085  2.992143E-01
0086  2.971326E-01
0087  2.950774E-01
0088  2.930480E-01
0089  2.910439E-01
0090  2.890644E-01
0091  2.871089E-01
0092  2.851767E-01
0093  2.832675E-01
0094  2.813806E-01
0095  2.795155E-01
0096  2.776717E-01
0097  2.758487E-01
0098  2.740461E-01
0099  2.722635E-01
0100  2.705003E-01
0101  2.687561E-01
0102  2.670307E-01
0103  2.653235E-01
0104  2.636341E-01
0105  2.619623E-01
0106  2.603076E-01
0107  2.586697E-01
0108  2.570483E-01
0109  2.554430E-01
0110  2.538536E-01
0111  2.522796E-01
0112  2.507208E-01
0113  2.491770E-01
0114  2.476478E-01
0115  2.461330E-01
0116  2.446322E-01
0117  2.431453E-01
0118  2.416719E-01
0119  2.402119E-01
0120  2.387650E-01
0121  2.373310E-01
0122  2.359095E-01
0123  2.345005E-01
0124  2.331037E-01
0125  2.317189E-01
0126  2.303459E-01
0127  2.289844E-01
0128  2.276344E-01
0129  2.262956E-01
0130  2.249677E-01
0131  2.236507E-01
0132  2.223444E-01
0133  2.210486E-01
0134  2.197631E-01
0135  2.184877E-01
0136  2.172224E-01
0137  2.159669E-01
0138  2.147211E-01
0139  2.134849E-01
0140  2.122580E-01
0141  2.110404E-01
0142  2.098320E-01
0143  2.086325E-01
0144  2.074418E-01
0145  2.062599E-01
0146  2.050866E-01
0147  2.039218E-01
0148  2.027653E-01
0149  2.016170E-01
0150  2.004769E-01
0151  1.993447E-01
0152  1.982205E-01
0153  1.971040E-01
0154  1.959952E-01
0155  1.948940E-01
0156  1.938002E-01
0157  1.927138E-01
0158  1.916347E-01
0159  1.905627E-01
0160  1.894978E-01
0161  1.884399E-01
0162  1.873889E-01
0163  1.863447E-01
0164  1.853072E-01
0165  1.842763E-01
0166  1.832520E-01
0167  1.822342E-01
0168  1.812227E-01
0169  1.802175E-01
0170  1.792186E-01
0171  1.782257E-01
0172  1.772390E-01
0173  1.762583E-01
0174  1.752835E-01
0175  1.743145E-01
0176  1.733514E-01
0177  1.723939E-01
0178  1.714421E-01
0179  1.704959E-01
0180  1.695552E-01
0181  1.686199E-01
0182  1.676901E-01
0183  1.667656E-01
0184  1.658463E-01
0185  1.649322E-01
0186  1.640233E-01
0187  1.631195E-01
0188  1.622207E-01
0189  1.613270E-01
0190  1.604381E-01
0191  1.595541E-01
0192  1.586749E-01
0193  1.578005E-01
0194  1.569308E-01
0195  1.560657E-01
0196  1.552053E-01
0197  1.543494E-01
0198  1.534981E-01
0199  1.526512E-01
0200  1.518088E-01
0201  1.509707E-01
0202  1.501369E-01
0203  1.493075E-01
0204  1.484822E-01
0205  1.476612E-01
0206  1.468444E-01
0207  1.460316E-01
0208  1.452229E-01
0209  1.444183E-01
0210  1.436177E-01
0211  1.428210E-01
0212  1.420282E-01
0213  1.412393E-01
0214  1.404542E-01
0215  1.396730E-01
0216  1.388955E-01
0217  1.381217E-01
0218  1.373516E-01
0219  1.365852E-01
0220  1.358224E-01
0221  1.350632E-01
0222  1.343076E-01
0223  1.335555E-01
0224  1.328068E-01
0225  1.320617E-01
0226  1.313199E-01
0227  1.305816E-01
0228  1.298466E-01
0229  1.291149E-01
0230  1.283866E-01
0231  1.276615E-01
0232  1.269396E-01
0233  1.262210E-01
0234  1.255056E-01
0235  1.247933E-01
0236  1.240842E-01
0237  1.233781E-01
0238  1.226752E-01
0239  1.219753E-01
0240  1.212784E-01
0241  1.205845E-01
0242  1.198935E-01
0243  1.192056E-01
0244  1.185205E-01
0245  1.178384E-01
0246  1.171591E-01
0247  1.164826E-01
0248  1.158090E-01
0249  1.151382E-01
0250  1.144702E-01
0251  1.138049E-01
0252  1.131424E-01
0253  1.124825E-01
0254  1.118254E-01
0255  1.111709E-01
0256  1.105190E-01
0257  1.098698E-01
0258  1.092232E-01
0259  1.085792E-01
0260  1.079377E-01
0261  1.072988E-01
0262  1.066624E-01
0263  1.060285E-01
0264  1.053970E-01
0265  1.047681E-01
0266  1.041415E-01
0267  1.035174E-01
0268  1.028957E-01
0269  1.022764E-01
0270  1.016595E-01
0271  1.010449E-01
0272  1.004326E-01
0273  9.982270E-02
0274  9.921506E-02
0275  9.860969E-02
0276  9.800659E-02
0277  9.740573E-02
0278  9.680710E-02
0279  9.621069E-02
0280  9.561647E-02
0281  9.502443E-02
0282  9.443456E-02
0283  9.384684E-02
0284  9.326125E-02
0285  9.267777E-02
0286  9.209640E-02
0287  9.151712E-02
0288  9.093991E-02
0289  9.036476E-02
0290  8.979165E-02
0291  8.922057E-02
0292  8.865151E-02
0293  8.808444E-02
0294  8.751936E-02
0295  8.695626E-02
0296  8.639511E-02
0297  8.583590E-02
0298  8.527863E-02
0299  8.472328E-02
0300  8.416983E-02
0301  8.361828E-02
0302  8.306860E-02
0303  8.252079E-02
0304  8.197483E-02
0305  8.143072E-02
0306  8.088843E-02
0307  8.034796E-02
0308  7.980930E-02
0309  7.927243E-02
0310  7.873734E-02
0311  7.820401E-02
0312  7.767245E-02
0313  7.714263E-02
0314  7.661454E-02
0315  7.608818E-02
0316  7.556353E-02
0317  7.504058E-02
0318  7.451932E-02
0319  7.399974E-02
0320  7.348183E-02
0321  7.296557E-02
0322  7.245096E-02
0323  7.193799E-02
0324  7.142664E-02
0325  7.091691E-02
0326  7.040878E-02
0327  6.990225E-02
0328  6.939731E-02
0329  6.889394E-02
0330  6.839213E-02
0331  6.789188E-02
0332  6.739318E-02
0333  6.689602E-02
0334  6.640038E-02
0335  6.590626E-02
0336  6.541365E-02
0337  6.492254E-02
0338  6.443292E-02
0339  6.394478E-02
0340  6.345811E-02
0341  6.297291E-02
0342  6.248916E-02
0343  6.200686E-02
0344  6.152599E-02
0345  6.104656E-02
0346  6.056854E-02
0347  6.009194E-02
0348  5.961674E-02
0349  5.914294E-02
0350  5.867052E-02
0351  5.819949E-02
0352  5.772982E-02
0353  5.726152E-02
0354  5.679457E-02
0355  5.632897E-02
0356  5.586471E-02
0357  5.540179E-02
0358  5.494018E-02
0359  5.447990E-02
0360  5.402092E-02
0361  5.356325E-02
0362  5.310687E-02
0363  5.265178E-02
0364  5.219797E-02
0365  5.174543E-02
0366  5.129416E-02
0367  5.084414E-02
0368  5.039538E-02
0369  4.994786E-02
0370  4.950158E-02
0371  4.905653E-02
0372  4.861271E-02
0373  4.817010E-02
0374  4.772871E-02
0375  4.728852E-02
0376  4.684952E-02
0377  4.641172E-02
0378  4.597511E-02
0379  4.553967E-02
0380  4.510540E-02
0381  4.467230E-02
0382  4.424036E-02
0383  4.380957E-02
0384  4.337993E-02
0385  4.295143E-02
0386  4.252407E-02
0387  4.209783E-02
0388  4.167272E-02
0389  4.124872E-02
0390  4.082584E-02
0391  4.040406E-02
0392  3.998339E-02
0393  3.956380E-02
0394  3.914531E-02
0395  3.872789E-02
0396  3.831156E-02
0397  3.789629E-02
0398  3.748210E-02
0399  3.706896E-02
0400  3.665688E-02
0401  3.624585E-02
0402  3.583586E-02
0403  3.542691E-02
0404  3.501900E-02
0405  3.461211E-02
0406  3.420625E-02
0407  3.380141E-02
0408  3.339758E-02
0409  3.299476E-02
0410  3.259294E-02
0411  3.219212E-02
0412  3.179229E-02
0413  3.139345E-02
0414  3.099560E-02
0415  3.059872E-02
0416  3.020282E-02
0417  2.980789E-02
0418  2.941392E-02
0419  2.902091E-02
0420  2.862886E-02
0421  2.823776E-02
0422  2.784760E-02
0423  2.745838E-02
0424  2.707010E-02
0425  2.668276E-02
0426  2.629634E-02
0427  2.591084E-02
0428  2.552626E-02
0429  2.514260E-02
0430  2.475985E-02
0431  2.437800E-02
0432  2.399706E-02
0433  2.361701E-02
0434  2.323786E-02
0435  2.285959E-02
0436  2.248221E-02
0437  2.210571E-02
0438  2.173009E-02
0439  2.135534E-02
0440  2.098146E-02
0441  2.060844E-02
0442  2.023629E-02
0443  1.986498E-02
0444  1.949454E-02
0445  1.912494E-02
0446  1.875618E-02
0447  1.838827E-02
0448  1.802119E-02
0449  1.765495E-02
0450  1.728954E-02
0451  1.692495E-02
0452  1.656119E-02
0453  1.619824E-02
0454  1.583611E-02
0455  1.547478E-02
0456  1.511427E-02
0457  1.475456E-02
0458  1.439565E-02
0459  1.403754E-02
0460  1.368022E-02
0461  1.332369E-02
0462  1.296794E-02
0463  1.261298E-02
0464  1.225880E-02
0465  1.190539E-02
0466  1.155276E-02
0467  1.120089E-02
0468  1.084980E-02
0469  1.049946E-02
0470  1.014988E-02
0471  9.801060E-03
0472  9.452991E-03
0473  9.105671E-03
0474  8.759098E-03
0475  8.413267E-03
0476  8.068177E-03
0477  7.723822E-03
0478  7.380201E-03
0479  7.037311E-03
0480  6.695148E-03
0481  6.353709E-03
0482  6.012991E-03
0483  5.672991E-03
0484  5.333706E-03
0485  4.995133E-03
0486  4.657269E-03
0487  4.320111E-03
0488  3.983657E-03
0489  3.647903E-03
0490  3.312846E-03
0491  2.978483E-03
0492  2.644812E-03
0493  2.311829E-03
0494  1.979533E-03
0495  1.647919E-03
0496  1.316986E-03
0497  9.867303E-04
0498  6.571492E-04
0499  3.282400E-04
0500  0.000000E+00
