Run   obj.function   <kb>          <kn>          <mlt>         <sn0>         <gw0>         <st0>         <CN1>         <CN2>         <ss1>         <ss2>         <kh>          
1     9.412988E+04  6.448653E-01  9.308909E-02  9.095028E-01  4.345313E+01  7.141942E+01  7.262734E+01  7.591010E+01  8.848742E+01  1.837389E+01  1.794532E+01  1.018439E+00  
2     3.051495E+04  5.906381E-01  1.219840E-01  7.741769E-01  2.253211E+01  4.861816E+01  2.030659E+01  7.893176E+01  8.531280E+01  1.532550E+01  1.444373E+01  9.176821E-01  
3     5.424243E+05  9.435754E-01  1.219840E-01  1.252895E+00  2.084223E+01  3.461594E+02  2.030659E+01  7.092364E+01  9.439543E+01  1.920041E+01  1.718672E+01  1.051924E+00  
4     5.260141E+05  5.906381E-01  2.550828E-01  1.200038E+00  2.019164E+01  1.403856E+02  1.206533E+02  6.064666E+01  8.531280E+01  1.041653E+01  1.549492E+01  1.272977E+00  
5     4.105009E+05  5.906381E-01  4.168002E-01  1.533742E+00  2.253211E+01  4.861816E+01  1.048220E+02  8.083676E+01  8.531280E+01  1.458044E+01  1.285510E+01  9.223724E-01  
6     6.838118E+04  6.780686E-01  1.219840E-01  2.145278E+00  2.253211E+01  1.082985E+02  2.030659E+01  5.610243E+01  8.531280E+01  1.532550E+01  1.444373E+01  9.176821E-01  
7     7.314373E+04  5.315648E-01  2.709388E-01  7.741769E-01  2.253211E+01  6.161514E+01  2.030659E+01  7.776978E+01  7.834256E+01  1.532550E+01  1.078185E+01  9.707332E-01  
8     1.335152E+04  5.315648E-01  8.902842E-02  7.741769E-01  1.985049E+01  5.461231E+00  2.871326E+01  9.322668E+01  8.887512E+01  2.132173E+01  1.444373E+01  1.266898E+00  
9     7.024427E+03  5.315648E-01  8.902842E-02  7.741769E-01  3.479652E+00  5.461231E+00  2.871326E+01  7.542589E+01  8.887512E+01  2.132173E+01  1.444373E+01  1.254036E+00  
10    6.285443E+03  2.731338E-01  8.902842E-02  3.997295E-01  3.479652E+00  5.461231E+00  2.871326E+01  7.424161E+01  7.282108E+01  2.132173E+01  1.817671E+01  1.018448E+00  
11    5.798145E+03  8.132783E-01  8.902842E-02  1.758486E+00  3.479652E+00  5.461231E+00  2.871326E+01  6.407015E+01  7.218794E+01  2.132173E+01  8.501640E+00  1.358496E+00  
12    5.890946E+03  6.154681E-01  8.902842E-02  2.789679E+00  3.479652E+00  5.461231E+00  2.871326E+01  6.407015E+01  6.925110E+01  2.132173E+01  8.501640E+00  1.384407E+00  
13    2.903440E+05  5.502515E-01  2.701914E-01  2.426495E+00  3.479652E+00  7.337780E+01  1.207757E+02  6.787947E+01  7.218794E+01  2.132173E+01  9.933613E+00  1.154065E+00  
14    5.351983E+03  5.502515E-01  5.094003E-03  2.426495E+00  3.479652E+00  5.461231E+00  2.871326E+01  6.407015E+01  8.623944E+01  1.707709E+01  1.102750E+01  1.028680E+00  
15    1.000301E+04  7.807588E-01  1.988036E-01  2.426495E+00  2.622398E+01  5.461231E+00  1.581298E+01  6.407015E+01  7.218794E+01  1.845561E+01  8.501640E+00  1.154065E+00  
16    6.462806E+03  5.502515E-01  1.988036E-01  2.426495E+00  1.395803E+01  5.461231E+00  1.581298E+01  6.407015E+01  7.218794E+01  1.845561E+01  8.501640E+00  1.154065E+00  
17    5.720785E+03  6.398853E-01  2.477506E-01  1.775302E+00  3.479652E+00  5.461231E+00  1.581298E+01  6.490125E+01  7.218794E+01  2.225762E+01  8.501640E+00  1.154065E+00  
18    6.287043E+03  5.502515E-01  1.988036E-01  2.426495E+00  1.418296E+01  5.461231E+00  1.581298E+01  6.407015E+01  7.218794E+01  1.845561E+01  4.658591E-02  1.154065E+00  
19    5.382747E+03  5.502515E-01  1.988036E-01  2.047681E+00  4.511611E+00  5.461231E+00  1.581298E+01  7.278747E+01  7.218794E+01  1.845561E+01  8.501640E+00  1.219028E+00  
20    7.738324E+03  2.712552E-01  2.004516E-01  2.500213E+00  2.328826E+01  5.461231E+00  1.581298E+01  5.516608E+01  7.218794E+01  1.845561E+01  8.501640E+00  1.308714E+00  
21    2.306017E+04  2.712552E-01  1.988036E-01  2.500213E+00  3.479652E+00  5.461231E+00  5.550805E+01  6.407015E+01  7.218794E+01  1.845561E+01  8.501640E+00  1.154065E+00  
22    9.782417E+04  2.712552E-01  1.988036E-01  2.500213E+00  3.479652E+00  5.461231E+00  1.221176E+02  6.407015E+01  7.218794E+01  1.845561E+01  8.501640E+00  1.395339E+00  
23    2.274086E+04  2.712552E-01  9.416337E-03  2.500213E+00  5.851481E+01  2.230175E+02  2.663270E+01  5.635822E+01  7.218794E+01  1.677173E+01  1.753338E+01  1.154065E+00  
24    5.335403E+03  3.726456E-01  1.988036E-01  2.500213E+00  1.351336E+00  5.461231E+00  1.581298E+01  5.508690E+01  7.218794E+01  1.845561E+01  8.501640E+00  1.154065E+00  
25    2.396260E+05  2.712552E-01  1.988036E-01  3.393731E+00  3.479652E+00  5.461231E+00  1.936762E+02  6.460876E+01  7.218794E+01  1.672775E+01  1.043817E-01  1.098430E+00  
26    7.252971E+05  2.712552E-01  1.988036E-01  2.500213E+00  3.479652E+00  4.591304E+01  3.123158E+02  6.460876E+01  7.218794E+01  1.672775E+01  5.439274E+00  1.154065E+00  
27    6.548080E+03  4.169365E-01  1.988036E-01  2.500213E+00  3.479652E+00  1.269155E+01  1.581298E+01  6.460876E+01  7.218794E+01  1.753022E+01  9.553746E+00  1.154065E+00  
28    2.348098E+05  2.712552E-01  1.988036E-01  2.500213E+00  3.479652E+00  5.461231E+00  1.917028E+02  6.460876E+01  7.218794E+01  1.213914E+01  5.439274E+00  1.154065E+00  
29    3.203417E+03  1.969783E-02  1.988036E-01  2.005703E+00  3.479652E+00  5.461231E+00  6.575346E+00  6.460876E+01  7.218794E+01  1.213914E+01  5.911546E+00  1.154065E+00  
30    2.620815E+05  5.415522E-02  1.988036E-01  2.500213E+00  3.479652E+00  5.461231E+00  2.051148E+02  6.460876E+01  6.673744E+01  1.366089E+01  5.439274E+00  1.075294E+00  
31    3.184928E+03  5.415522E-02  1.988036E-01  2.500213E+00  3.479652E+00  5.461231E+00  6.575346E+00  6.460876E+01  6.673744E+01  1.542573E+01  5.439274E+00  1.075294E+00  
32    3.181224E+03  5.415522E-02  1.988036E-01  2.461325E+00  3.479652E+00  5.461231E+00  6.575346E+00  6.460876E+01  6.673744E+01  1.742054E+01  5.439274E+00  1.075294E+00  
33    3.162686E+03  5.415522E-02  2.126612E-01  2.555542E+00  3.479652E+00  5.461231E+00  5.657662E+00  6.460876E+01  6.063506E+01  1.716754E+01  9.488135E+00  1.075294E+00  
34    4.124442E+05  5.415522E-02  8.161610E-02  2.500213E+00  3.479652E+00  5.461231E+00  4.156294E+02  6.460876E+01  6.171007E+01  1.716754E+01  9.246693E+00  1.075294E+00  
35    3.366936E+03  1.673516E-01  2.126612E-01  2.500213E+00  3.479652E+00  5.461231E+00  5.657662E+00  6.460876E+01  6.171007E+01  1.716754E+01  9.246693E+00  1.075294E+00  
36    7.436631E+04  5.415522E-02  2.126612E-01  2.500213E+00  3.479652E+00  7.961215E+01  8.490692E+01  6.460876E+01  6.171007E+01  1.716754E+01  9.246693E+00  1.075294E+00  
37    9.428701E+05  5.415522E-02  2.506936E-01  2.500213E+00  3.479652E+00  5.461231E+00  3.414972E+02  6.460876E+01  6.171007E+01  1.716754E+01  9.246693E+00  1.075294E+00  
38    3.749429E+03  5.415522E-02  2.126612E-01  2.763502E+00  6.310496E-01  5.461231E+00  5.657662E+00  5.162624E+01  6.171007E+01  1.303045E+01  9.246693E+00  1.075294E+00  
39    4.779160E+05  5.415522E-02  2.749834E-01  2.500213E+00  3.479652E+00  2.733526E+02  1.651454E+02  6.682899E+01  6.171007E+01  1.716754E+01  9.246693E+00  1.075294E+00  
40    3.857062E+05  5.415522E-02  3.456760E-01  2.500213E+00  3.479652E+00  5.564724E+00  1.773182E+02  8.034756E+01  8.605522E+01  1.716754E+01  9.246693E+00  1.075294E+00  
41    4.797122E+03  5.415522E-02  3.456760E-01  2.473915E+00  1.603475E+01  5.564724E+00  5.657662E+00  7.191265E+01  8.195265E+01  1.716754E+01  9.246693E+00  1.075294E+00  
42    8.382391E+04  5.415522E-02  3.456760E-01  2.571007E+00  3.479652E+00  2.355540E+02  5.657662E+00  7.191265E+01  8.605522E+01  2.202351E+01  9.246693E+00  1.075294E+00  
43    3.622814E+03  3.133770E-01  3.456760E-01  2.500213E+00  3.479652E+00  5.564724E+00  5.657662E+00  5.077552E+01  8.605522E+01  1.617404E+01  9.246693E+00  1.075294E+00  
44    1.446605E+04  5.415522E-02  3.456760E-01  2.500213E+00  3.305455E+01  5.564724E+00  5.657662E+00  7.191265E+01  8.605522E+01  1.617404E+01  9.246693E+00  1.075294E+00  
45    3.877679E+05  5.415522E-02  2.947716E-01  2.500213E+00  3.479652E+00  4.941984E+01  1.891775E+02  7.191265E+01  8.605522E+01  2.365135E+01  9.246693E+00  1.278115E+00  
46    1.255703E+05  5.415522E-02  3.456760E-01  2.500213E+00  3.711202E+01  2.398662E+02  5.657662E+00  7.191265E+01  8.605522E+01  1.617404E+01  9.246693E+00  1.060186E+00  
47    1.529221E+05  5.415522E-02  3.203104E-01  4.991477E-01  3.479652E+00  5.564724E+00  1.177833E+02  7.191265E+01  8.605522E+01  1.617404E+01  9.246693E+00  1.075294E+00  
48    4.496823E+03  5.415522E-02  3.030287E-02  1.003111E+00  3.479652E+00  5.564724E+00  5.657662E+00  7.191265E+01  8.605522E+01  1.667936E+01  7.602201E+00  1.075294E+00  
49    2.024423E+03  3.647776E-02  3.203104E-01  1.003111E+00  3.479652E+00  5.564724E+00  5.657662E+00  7.191265E+01  8.605522E+01  1.617404E+01  7.602201E+00  1.075294E+00  
50    1.912939E+03  5.415522E-02  3.203104E-01  4.079965E-01  3.479652E+00  5.564724E+00  5.657662E+00  7.191265E+01  8.605522E+01  1.617404E+01  5.083205E+00  1.075294E+00  
51    3.500483E+03  5.415522E-02  3.203104E-01  4.079965E-01  3.479652E+00  5.564724E+00  1.160416E+01  5.946665E+01  8.663922E+01  8.151740E+00  7.602201E+00  1.075294E+00  
52    7.024050E+05  5.415522E-02  3.203104E-01  1.190910E-01  3.479652E+00  5.564724E+00  2.546163E+02  7.191265E+01  8.605522E+01  1.617404E+01  7.602201E+00  1.075294E+00  
53    2.592907E+03  2.701945E-01  2.710801E-01  1.190910E-01  3.479652E+00  5.564724E+00  5.657662E+00  7.191265E+01  8.605522E+01  1.165873E+01  7.602201E+00  1.075294E+00  
54    8.667721E+04  5.415522E-02  4.304275E-01  1.190910E-01  1.336514E+00  2.420931E+02  5.657662E+00  7.191265E+01  8.605522E+01  1.617404E+01  7.602201E+00  1.051891E+00  
55    2.276111E+03  5.415522E-02  3.203104E-01  1.190910E-01  1.165996E+01  5.564724E+00  5.657662E+00  7.191265E+01  8.605522E+01  1.617404E+01  7.602201E+00  1.436144E+00  
56    1.785780E+03  5.415522E-02  3.203104E-01  1.190910E-01  1.336514E+00  5.564724E+00  5.657662E+00  7.191265E+01  8.820736E+01  1.617404E+01  7.602201E+00  1.046942E+00  
57    1.799514E+03  5.415522E-02  3.203104E-01  1.190910E-01  1.745122E+00  5.564724E+00  5.657662E+00  7.191265E+01  8.820736E+01  1.617404E+01  7.602201E+00  1.046942E+00  
58    1.923792E+03  1.656034E-01  4.519203E-01  1.190910E-01  1.336514E+00  5.564724E+00  5.657662E+00  7.531393E+01  8.820736E+01  1.617404E+01  7.602201E+00  1.000803E+00  
59    1.483352E+03  5.415522E-02  4.519203E-01  1.190910E-01  1.336514E+00  5.564724E+00  5.657662E+00  7.531393E+01  8.820736E+01  1.198153E+01  7.602201E+00  1.000803E+00  
60    1.557276E+03  5.415522E-02  4.519203E-01  1.190910E-01  1.336514E+00  5.564724E+00  5.657662E+00  7.531393E+01  8.820736E+01  1.830802E+01  7.602201E+00  1.000803E+00  
61    1.790797E+03  5.415522E-02  4.519203E-01  4.944030E-01  1.336514E+00  5.564724E+00  5.657662E+00  7.531393E+01  9.817864E+01  1.182250E+01  7.602201E+00  1.006635E+00  
62    2.706188E+03  5.415522E-02  1.489077E-01  1.190910E-01  1.336514E+00  5.564724E+00  5.657662E+00  7.601442E+01  8.820736E+01  1.182250E+01  1.121659E+01  1.006635E+00  
63    1.046810E+06  5.415522E-02  4.519203E-01  1.190910E-01  1.336514E+00  5.564724E+00  2.515211E+02  7.531393E+01  8.820736E+01  1.182250E+01  7.602201E+00  1.011419E+00  
64    2.254349E+03  2.868021E-01  4.519203E-01  1.190910E-01  1.336514E+00  5.564724E+00  5.657662E+00  7.531393E+01  8.820736E+01  1.182250E+01  7.602201E+00  1.011419E+00  
65    1.681245E+03  5.415522E-02  5.765863E-01  1.190910E-01  1.336514E+00  5.564724E+00  5.657662E+00  7.531393E+01  8.820736E+01  1.182250E+01  7.602201E+00  1.011419E+00  
66    1.479758E+03  5.415522E-02  4.519203E-01  1.190910E-01  1.336514E+00  5.564724E+00  5.657662E+00  7.531393E+01  8.800939E+01  1.182250E+01  7.602201E+00  1.011419E+00  
67    1.522977E+03  5.415522E-02  4.519203E-01  1.190910E-01  1.336514E+00  5.564724E+00  5.657662E+00  8.136788E+01  8.800939E+01  1.182250E+01  7.602201E+00  1.011419E+00  
68    1.573557E+03  3.960973E-02  4.519203E-01  5.229430E-01  1.336514E+00  5.564724E+00  5.657662E+00  7.531393E+01  8.800939E+01  1.182250E+01  7.602201E+00  1.011419E+00  
69    1.454677E+03  3.960973E-02  4.519203E-01  1.190910E-01  1.336514E+00  5.564724E+00  5.657662E+00  7.531393E+01  8.389621E+01  1.182250E+01  7.602201E+00  1.011419E+00  
70    1.881870E+03  3.960973E-02  4.519203E-01  1.190910E-01  1.336514E+00  5.564724E+00  5.657662E+00  6.259310E+01  8.446667E+01  1.182250E+01  7.602201E+00  1.011419E+00  
71    2.435694E+03  3.960973E-02  4.519203E-01  1.190910E-01  1.336514E+00  3.107029E+01  5.657662E+00  7.531393E+01  8.446667E+01  1.182250E+01  7.602201E+00  1.011419E+00  
72    1.451672E+03  3.960973E-02  4.519203E-01  1.190910E-01  1.336514E+00  5.564724E+00  5.657662E+00  7.531393E+01  8.479380E+01  1.182250E+01  7.602201E+00  1.011419E+00  
73    1.449483E+03  4.347264E-02  4.519203E-01  1.190910E-01  1.336514E+00  5.564724E+00  5.657662E+00  7.531393E+01  8.446667E+01  1.051909E+01  7.602201E+00  1.011419E+00  
74    1.471413E+03  3.960973E-02  4.519203E-01  1.190910E-01  1.336514E+00  5.564724E+00  5.657662E+00  7.531393E+01  8.446667E+01  1.051909E+01  1.013045E+01  1.011419E+00  
75    8.571197E+03  3.960973E-02  4.519203E-01  1.190910E-01  1.336514E+00  8.270788E+01  5.657662E+00  7.531393E+01  8.446667E+01  4.594342E+00  7.602201E+00  1.011419E+00  
76    1.653716E+03  3.960973E-02  4.647340E-01  8.506308E-01  1.336514E+00  5.564724E+00  5.657662E+00  7.531393E+01  8.446667E+01  4.594342E+00  7.602201E+00  1.011419E+00  
77    1.362137E+03  3.960973E-02  4.647340E-01  1.190910E-01  1.336514E+00  5.564724E+00  5.657662E+00  8.137300E+01  8.446667E+01  4.594342E+00  7.602201E+00  1.016405E+00  
78    1.683515E+03  3.960973E-02  4.647340E-01  8.620425E-01  1.336514E+00  5.564724E+00  5.657662E+00  8.137300E+01  8.446667E+01  4.594342E+00  7.602201E+00  9.029842E-01  
79    1.820177E+05  3.960973E-02  4.647340E-01  1.425077E-01  1.336514E+00  4.094231E+02  5.657662E+00  8.137300E+01  8.446667E+01  4.594342E+00  7.602201E+00  1.011419E+00  
80    1.587915E+03  3.960973E-02  4.647340E-01  1.425077E-01  1.336514E+00  5.564724E+00  5.657662E+00  8.841730E+01  8.446667E+01  4.594342E+00  7.602201E+00  9.302750E-01  
81    1.451555E+03  3.960973E-02  4.647340E-01  1.425077E-01  1.336514E+00  5.564724E+00  5.657662E+00  8.137300E+01  8.446667E+01  3.671353E+00  1.628056E+01  1.011419E+00  
82    1.396443E+03  3.960973E-02  4.647340E-01  1.425077E-01  1.336514E+00  5.564724E+00  5.657662E+00  8.137300E+01  8.446667E+01  3.671353E+00  7.602201E+00  1.501921E+00  
83    2.051500E+03  2.815565E-01  4.647340E-01  1.425077E-01  1.336514E+00  5.564724E+00  5.657662E+00  8.137300E+01  8.423528E+01  3.671353E+00  7.602201E+00  1.131127E+00  
84    1.337251E+03  3.960973E-02  4.647340E-01  1.425077E-01  1.336514E+00  5.564724E+00  5.657662E+00  8.146089E+01  8.423528E+01  3.671353E+00  7.602201E+00  1.131127E+00  
85    1.488018E+03  9.795104E-03  4.647340E-01  1.425077E-01  1.336514E+00  5.564724E+00  5.657662E+00  8.137300E+01  8.423528E+01  3.671353E+00  9.284974E-01  1.131127E+00  
86    1.318801E+03  3.960973E-02  4.647340E-01  1.425077E-01  1.336514E+00  5.564724E+00  5.657662E+00  8.137300E+01  8.466634E+01  3.671353E+00  9.284974E-01  1.131127E+00  
87    1.324248E+03  3.960973E-02  4.647340E-01  1.425077E-01  1.336514E+00  5.564724E+00  5.657662E+00  8.137300E+01  8.423528E+01  5.802142E+00  9.284974E-01  1.131127E+00  
88    1.319239E+03  3.960973E-02  4.647340E-01  1.425077E-01  1.336514E+00  5.564724E+00  5.657662E+00  8.137300E+01  8.423528E+01  7.634960E-01  3.751570E+00  1.131127E+00  
89    6.432471E+05  3.960973E-02  4.647340E-01  1.425077E-01  1.336514E+00  5.564724E+00  1.941181E+02  8.137300E+01  8.423528E+01  5.066134E-01  1.261041E+00  1.131127E+00  
90    1.322510E+03  3.960973E-02  4.647340E-01  1.425077E-01  1.336514E+00  5.564724E+00  5.657662E+00  8.137300E+01  8.423528E+01  5.066134E-01  5.339687E+00  1.131127E+00  
91    1.481187E+03  3.960973E-02  4.647340E-01  4.300230E-02  1.336514E+00  5.564724E+00  5.657662E+00  8.137300E+01  8.423528E+01  5.066134E-01  9.284974E-01  1.131127E+00  
92    1.791922E+03  3.960973E-02  4.482452E-01  1.425077E-01  2.374921E+01  5.564724E+00  5.657662E+00  7.691482E+01  8.423528E+01  5.066134E-01  9.284974E-01  1.131127E+00  
93    1.346222E+03  3.960973E-02  4.647340E-01  1.425077E-01  1.336514E+00  5.564724E+00  5.657662E+00  8.137300E+01  8.423528E+01  5.066134E-01  9.284974E-01  9.061833E-01  
94    1.781800E+05  4.444968E-02  4.647340E-01  1.425077E-01  1.336514E+00  5.564724E+00  1.021663E+02  8.137300E+01  8.423528E+01  5.066134E-01  9.284974E-01  1.131127E+00  
95    1.309387E+03  3.960973E-02  4.647340E-01  1.425077E-01  1.336514E+00  5.564724E+00  5.657662E+00  8.362995E+01  8.423528E+01  5.066134E-01  9.284974E-01  1.127928E+00  
96    1.317594E+03  3.960973E-02  4.647340E-01  1.425077E-01  1.336514E+00  5.564724E+00  5.657662E+00  8.362995E+01  7.925733E+01  5.066134E-01  9.284974E-01  1.127928E+00  
97    3.849764E+03  3.960973E-02  4.647340E-01  1.425077E-01  1.336514E+00  5.564724E+00  1.370931E+01  8.362995E+01  8.423528E+01  5.066134E-01  9.284974E-01  1.127928E+00  
98    2.535034E+03  5.088285E-01  4.647340E-01  1.425077E-01  1.336514E+00  5.564724E+00  5.657662E+00  8.362995E+01  8.423528E+01  5.066134E-01  9.284974E-01  1.127928E+00  
99    1.323245E+03  3.960973E-02  4.647340E-01  1.425077E-01  1.336514E+00  5.564724E+00  5.657662E+00  8.077215E+01  8.423528E+01  5.066134E-01  9.284974E-01  1.127928E+00  
100   1.285377E+03  3.960973E-02  4.184595E-01  1.425077E-01  1.336514E+00  5.564724E+00  5.657662E+00  8.362995E+01  8.423528E+01  5.066134E-01  9.284974E-01  1.127928E+00  
101   1.419744E+03  3.960973E-02  4.184595E-01  1.425077E-01  1.336514E+00  5.564724E+00  5.657662E+00  8.362995E+01  6.781149E+01  2.494080E+00  9.284974E-01  1.127928E+00  
102   1.285750E+03  3.960973E-02  4.184595E-01  1.425077E-01  1.336514E+00  5.564724E+00  5.657662E+00  8.362995E+01  8.423528E+01  3.180729E-01  9.284974E-01  1.088903E+00  
103   1.286086E+03  3.960973E-02  4.184595E-01  1.425077E-01  1.336514E+00  5.564724E+00  5.657662E+00  8.362995E+01  8.423528E+01  3.180729E-01  9.284974E-01  1.160275E+00  
104   7.606386E+05  3.960973E-02  4.184595E-01  1.425077E-01  1.336514E+00  5.564724E+00  2.258287E+02  8.362995E+01  8.423528E+01  3.180729E-01  9.284974E-01  1.127928E+00  
105   1.288265E+03  3.960973E-02  4.184595E-01  1.425077E-01  1.336514E+00  5.564724E+00  5.657662E+00  8.362995E+01  8.423528E+01  2.532810E-01  9.284974E-01  1.195850E+00  
106   1.313085E+03  3.960973E-02  4.184595E-01  1.425077E-01  1.336514E+00  5.564724E+00  5.657662E+00  8.362995E+01  8.423528E+01  2.532810E-01  9.116653E+00  1.127928E+00  
107   1.381887E+03  3.960973E-02  4.184595E-01  6.265375E-02  1.336514E+00  5.564724E+00  5.657662E+00  8.362995E+01  8.423528E+01  2.532810E-01  9.284974E-01  1.127928E+00  
108   1.595935E+03  3.960973E-02  4.184595E-01  1.425077E-01  1.336514E+00  5.564724E+00  5.657662E+00  8.362995E+01  9.844980E+01  2.532810E-01  9.284974E-01  1.127928E+00  
109   1.330992E+03  3.960973E-02  4.184595E-01  2.195643E-01  1.336514E+00  5.564724E+00  5.657662E+00  8.362995E+01  8.423528E+01  2.532810E-01  9.284974E-01  1.127928E+00  
110   1.270802E+03  3.960973E-02  4.184595E-01  1.425077E-01  1.336514E+00  1.715742E+00  5.657662E+00  8.362995E+01  8.423528E+01  2.532810E-01  9.284974E-01  1.127928E+00  
111   1.297893E+03  3.960973E-02  4.184595E-01  1.425077E-01  4.343241E+00  1.715742E+00  5.657662E+00  8.362995E+01  8.423528E+01  2.532810E-01  9.284974E-01  1.127928E+00  
112   5.155033E+03  3.960973E-02  9.974431E-01  1.425077E-01  1.336514E+00  1.715742E+00  5.657662E+00  8.362995E+01  8.423528E+01  2.532810E-01  9.284974E-01  1.127928E+00  
113   1.272887E+03  3.960973E-02  4.184595E-01  1.425077E-01  1.336514E+00  1.715742E+00  5.657662E+00  8.362995E+01  8.423528E+01  2.532810E-01  1.044993E+00  1.047158E+00  
114   1.270883E+03  3.960973E-02  4.184595E-01  1.425077E-01  1.336514E+00  1.715742E+00  5.657662E+00  8.362995E+01  8.423528E+01  2.532810E-01  4.332078E-01  1.127928E+00  
115   1.460508E+03  3.960973E-02  4.184595E-01  1.425077E-01  1.336514E+00  1.715742E+00  5.657662E+00  7.500030E+01  8.423528E+01  2.532810E-01  1.208504E+00  1.127928E+00  
116   1.136965E+06  3.960973E-02  4.184595E-01  1.425077E-01  1.336514E+00  1.715742E+00  2.763575E+02  8.438929E+01  8.423528E+01  2.532810E-01  1.208504E+00  1.127928E+00  
