Run   obj.function   <kb>          <kn>          <mlt>         <sn0>         <gw0>         <st0>         <CN1>         <CN2>         <ss1>         <ss2>         <kh>          
1     2.357321E+06  5.899776E-02  5.226196E-01  2.422437E+00  5.967124E+01  6.283220E+02  2.014374E+02  7.078804E+01  5.984820E+01  5.075553E+00  1.915305E+01  1.510481E+00  
2     8.660644E+05  8.916437E-01  1.846142E-01  6.345441E-02  5.366753E+01  2.112095E+01  3.645260E+02  7.605094E+01  6.868269E+01  1.657304E+01  1.565251E+01  9.909547E-01  
3     4.290818E+05  6.448653E-01  9.308909E-02  1.123602E+00  8.187319E+01  6.923626E+01  2.576815E+02  7.591010E+01  8.919475E+01  1.146990E+01  2.522344E+01  9.476182E-01  
4     1.353656E+06  6.651488E-01  3.904598E-01  7.741769E-01  5.182463E+00  3.262518E+02  2.030659E+01  8.756337E+01  9.631906E+01  1.532550E+01  1.444373E+01  9.348642E-01  
5     2.172522E+05  3.205356E-01  1.536208E-01  7.741769E-01  2.253211E+01  2.079006E+02  2.030659E+01  7.893176E+01  8.531280E+01  1.532550E+01  1.444373E+01  9.176821E-01  
6     3.982215E+05  4.895715E-01  3.214629E-01  7.741769E-01  1.417717E+01  1.996326E+02  2.030659E+01  7.893176E+01  8.531280E+01  8.182112E+00  1.444373E+01  9.572533E-01  
7     4.436306E+05  7.078830E-01  1.741883E-01  7.741769E-01  2.129591E+01  2.641941E+02  2.030659E+01  7.893176E+01  7.015904E+01  1.532550E+01  1.444373E+01  9.176821E-01  
8     8.242093E+04  3.818793E-01  1.219840E-01  6.314305E-02  2.253211E+01  1.450499E+02  4.080431E+00  8.473943E+01  8.531280E+01  1.782797E+01  1.444373E+01  9.176821E-01  
9     4.634650E+04  5.315648E-01  1.685491E-01  2.328027E+00  1.224197E+01  7.594779E+01  2.044918E+01  7.295222E+01  7.834256E+01  1.002095E+01  9.992245E+00  9.707332E-01  
10    1.513854E+05  5.315648E-01  1.685491E-01  7.741769E-01  3.740962E+00  1.670864E+02  2.030659E+01  6.075849E+01  7.834256E+01  1.732097E+01  1.295186E+01  9.707332E-01  
11    1.425482E+05  5.315648E-01  2.230716E-01  1.175820E+00  1.278636E+01  1.170646E+02  2.871326E+01  7.424161E+01  8.887512E+01  1.467127E+01  1.491750E+01  1.317301E+00  
12    1.476286E+04  5.315648E-01  2.667009E-01  6.564107E-01  3.479652E+00  5.461231E+00  2.871326E+01  7.504525E+01  8.887512E+01  2.132173E+01  1.494892E+01  1.266898E+00  
13    2.980741E+04  5.502515E-01  3.267362E-01  7.737506E-01  2.364732E+01  5.461231E+00  2.871326E+01  7.424161E+01  7.112005E+01  2.132173E+01  1.445406E+01  1.154065E+00  
14    2.916313E+05  8.040115E-01  2.060152E-01  2.426495E+00  3.479652E+00  1.925834E+02  2.871326E+01  6.407015E+01  6.369834E+01  2.443096E+01  8.501640E+00  1.154065E+00  
15    1.014439E+05  5.502515E-01  8.902842E-02  1.884764E+00  3.479652E+00  1.582222E+02  4.663039E+01  6.407015E+01  8.347200E+01  1.613257E+01  1.143246E+01  9.509051E-01  
16    5.416340E+03  5.502515E-01  5.094003E-03  2.426495E+00  3.479652E+00  5.461231E+00  2.871326E+01  6.407015E+01  7.218794E+01  1.845561E+01  8.501640E+00  1.154065E+00  
17    5.151542E+03  5.502515E-01  1.988036E-01  2.426495E+00  3.479652E+00  5.461231E+00  1.581298E+01  6.407015E+01  7.218794E+01  1.845561E+01  8.501640E+00  1.154065E+00  
18    5.398665E+03  5.502515E-01  1.988036E-01  2.440354E+00  9.426897E-01  5.461231E+00  1.581298E+01  5.994405E+01  6.400222E+01  1.845561E+01  8.213341E+00  1.154065E+00  
19    1.163017E+05  5.502515E-01  2.130680E-01  2.426495E+00  3.479652E+00  6.344976E+01  7.703139E+01  6.407015E+01  7.218794E+01  1.894038E+01  8.501640E+00  1.154065E+00  
20    1.095113E+04  5.502515E-01  5.948905E-03  2.426495E+00  3.479652E+00  2.170326E+02  1.581298E+01  6.221034E+01  7.218794E+01  1.582169E+01  8.501640E+00  1.120276E+00  
21    5.151540E+03  5.502515E-01  1.988036E-01  2.500213E+00  3.479652E+00  5.461231E+00  1.581298E+01  6.407015E+01  7.218794E+01  1.845561E+01  8.501640E+00  1.154065E+00  
22    1.513699E+05  5.502515E-01  1.988036E-01  2.500213E+00  3.479652E+00  5.461231E+00  1.519534E+02  6.550295E+01  7.218794E+01  1.845561E+01  8.501640E+00  1.154065E+00  
23    4.944283E+03  2.712552E-01  1.988036E-01  2.500213E+00  3.479652E+00  5.461231E+00  1.581298E+01  6.407015E+01  7.218794E+01  2.493868E+01  8.501640E+00  1.154065E+00  
24    1.175290E+04  2.712552E-01  1.988036E-01  2.500213E+00  3.203964E+01  5.461231E+00  1.581298E+01  6.407015E+01  7.218794E+01  1.845561E+01  8.501640E+00  1.154065E+00  
25    1.349125E+05  2.712552E-01  1.988036E-01  2.500213E+00  3.479652E+00  5.461231E+00  1.441805E+02  5.742298E+01  7.774595E+01  1.845561E+01  7.167857E+00  1.154065E+00  
26    5.236465E+03  3.040779E-01  1.988036E-01  1.496447E+00  7.592221E+00  5.461231E+00  1.581298E+01  6.460876E+01  7.218794E+01  1.845561E+01  8.501640E+00  1.154065E+00  
27    4.898346E+03  2.712552E-01  1.988036E-01  2.500213E+00  3.479652E+00  5.461231E+00  1.581298E+01  6.460876E+01  7.218794E+01  1.672775E+01  5.439274E+00  1.154065E+00  
28    1.102153E+06  2.712552E-01  1.988036E-01  2.500213E+00  3.479652E+00  5.461231E+00  4.185142E+02  6.460876E+01  7.718255E+01  1.627730E+01  5.439274E+00  1.154065E+00  
29    1.800309E+04  2.712552E-01  1.988036E-01  2.500213E+00  3.479652E+00  5.461231E+00  4.786087E+01  6.460876E+01  7.218794E+01  1.672775E+01  5.439274E+00  1.154065E+00  
30    4.897028E+03  2.712552E-01  1.988036E-01  2.500213E+00  3.479652E+00  5.461231E+00  1.581298E+01  6.460876E+01  7.218794E+01  1.401893E+01  5.439274E+00  1.154065E+00  
31    4.895056E+03  2.712552E-01  1.988036E-01  2.500213E+00  3.157976E+00  5.461231E+00  1.581298E+01  6.460876E+01  7.218794E+01  1.401893E+01  8.722849E+00  1.154065E+00  
32    3.192738E+03  5.415522E-02  1.988036E-01  2.500213E+00  3.479652E+00  5.461231E+00  6.575346E+00  6.460876E+01  6.673744E+01  1.213914E+01  5.439274E+00  1.075294E+00  
33    4.028522E+04  5.415522E-02  1.988036E-01  2.500213E+00  3.479652E+00  5.461231E+00  7.876574E+01  6.460876E+01  6.792139E+01  1.213914E+01  5.439274E+00  9.749890E-01  
34    8.607541E+04  4.405618E-02  2.210591E-01  2.500213E+00  3.479652E+00  2.793772E+02  6.575346E+00  5.321170E+01  6.673744E+01  1.213914E+01  5.439274E+00  1.384691E+00  
35    1.610830E+05  5.415522E-02  2.603070E-01  2.500213E+00  3.479652E+00  5.461231E+00  1.377971E+02  6.460876E+01  6.673744E+01  1.213914E+01  4.036006E+00  1.075294E+00  
36    3.346667E+03  5.415522E-02  1.988036E-01  2.579617E+00  3.479652E+00  5.461231E+00  6.575346E+00  6.460876E+01  6.673744E+01  1.542573E+01  5.439274E+00  1.414417E+00  
37    1.169565E+05  5.415522E-02  2.126612E-01  2.500213E+00  1.289183E+01  5.461231E+00  1.270359E+02  6.460876E+01  6.841631E+01  1.939335E+01  9.246693E+00  1.075294E+00  
38    8.694710E+04  5.415522E-02  2.126612E-01  2.500213E+00  3.479652E+00  2.587701E+02  5.657662E+00  6.460876E+01  6.171007E+01  1.716754E+01  9.246693E+00  1.075294E+00  
39    7.340019E+05  3.672600E-01  2.126612E-01  2.500213E+00  3.479652E+00  3.995256E+02  5.657662E+00  6.460876E+01  6.171007E+01  1.716754E+01  5.530056E+00  1.156174E+00  
40    3.221007E+03  9.867505E-02  2.126612E-01  2.500213E+00  1.628190E+00  5.461231E+00  5.657662E+00  6.460876E+01  6.171007E+01  1.716754E+01  9.246693E+00  1.075294E+00  
41    3.177093E+03  5.415522E-02  2.126612E-01  2.500213E+00  3.479652E+00  5.461231E+00  5.657662E+00  6.460876E+01  6.171007E+01  4.965870E+00  9.246693E+00  1.069229E+00  
42    2.404623E+03  5.415522E-02  3.456760E-01  2.500213E+00  3.479652E+00  5.564724E+00  5.657662E+00  7.191265E+01  6.171007E+01  1.716754E+01  9.246693E+00  1.075294E+00  
43    2.822815E+04  5.415522E-02  3.456760E-01  2.500213E+00  3.479652E+00  5.564724E+00  4.723003E+01  7.191265E+01  6.171007E+01  1.716754E+01  9.246693E+00  1.075294E+00  
44    2.706443E+03  5.415522E-02  3.456760E-01  2.500213E+00  7.814167E+00  5.564724E+00  5.657662E+00  7.191265E+01  6.171007E+01  1.716754E+01  9.246693E+00  1.075294E+00  
45    2.312390E+03  5.415522E-02  3.456760E-01  2.500213E+00  3.479652E+00  5.564724E+00  5.657662E+00  7.762261E+01  8.605522E+01  1.716754E+01  9.246693E+00  1.075294E+00  
46    2.180333E+03  5.415522E-02  3.456760E-01  2.500213E+00  3.479652E+00  5.564724E+00  5.657662E+00  7.191265E+01  8.605522E+01  1.617404E+01  9.246693E+00  1.075294E+00  
47    2.961817E+05  5.415522E-02  3.456760E-01  2.500213E+00  3.479652E+00  5.564724E+00  1.565365E+02  7.552505E+01  8.605522E+01  1.617404E+01  9.246693E+00  1.075294E+00  
48    2.698060E+03  5.415522E-02  3.456760E-01  2.500213E+00  3.479652E+00  5.564724E+00  5.657662E+00  8.511728E+01  8.605522E+01  1.617404E+01  9.246693E+00  1.075294E+00  
49    2.246385E+03  2.365586E-02  3.456760E-01  2.500213E+00  3.479652E+00  5.564724E+00  5.657662E+00  7.191265E+01  8.605522E+01  2.247483E+01  9.246693E+00  1.075294E+00  
50    2.816644E+03  2.280450E-01  3.456760E-01  2.500213E+00  3.479652E+00  5.564724E+00  5.657662E+00  7.191265E+01  8.605522E+01  1.617404E+01  9.246693E+00  1.075294E+00  
51    2.085618E+03  5.415522E-02  3.203104E-01  1.003111E+00  3.479652E+00  5.564724E+00  5.657662E+00  7.191265E+01  8.605522E+01  1.617404E+01  9.246693E+00  1.075294E+00  
52    2.091863E+03  5.415522E-02  3.203104E-01  1.003111E+00  3.479652E+00  5.564724E+00  5.657662E+00  7.191265E+01  7.936872E+01  1.617404E+01  9.246693E+00  1.075294E+00  
53    6.274240E+03  5.415522E-02  3.203104E-01  1.003111E+00  2.351471E+01  5.564724E+00  5.657662E+00  7.191265E+01  8.605522E+01  1.617404E+01  7.602201E+00  1.075294E+00  
54    2.097903E+03  5.415522E-02  3.203104E-01  1.003111E+00  3.479652E+00  5.564724E+00  5.657662E+00  7.191265E+01  9.671664E+01  1.617404E+01  7.602201E+00  1.075294E+00  
55    2.117805E+03  4.669935E-02  4.368110E-01  2.882309E+00  3.479652E+00  5.564724E+00  5.657662E+00  7.191265E+01  8.605522E+01  1.617404E+01  7.602201E+00  1.075294E+00  
56    1.874783E+03  5.415522E-02  3.203104E-01  1.190910E-01  3.479652E+00  5.564724E+00  5.657662E+00  7.191265E+01  8.605522E+01  1.617404E+01  7.602201E+00  1.075294E+00  
57    1.998962E+03  5.415522E-02  3.203104E-01  1.190910E-01  3.479652E+00  5.564724E+00  5.657662E+00  7.191265E+01  8.003323E+01  1.617404E+01  1.599006E+01  1.075294E+00  
58    1.801215E+03  5.415522E-02  3.203104E-01  1.190910E-01  1.336514E+00  5.564724E+00  5.657662E+00  7.191265E+01  8.605522E+01  1.617404E+01  7.602201E+00  1.051891E+00  
59    2.091653E+03  5.415522E-02  3.203104E-01  1.190910E-01  8.748137E+00  5.564724E+00  5.657662E+00  7.191265E+01  8.605522E+01  1.617404E+01  7.602201E+00  1.051891E+00  
60    4.345532E+04  5.415522E-02  3.203104E-01  1.190910E-01  3.534339E+00  1.723809E+02  5.657662E+00  7.191265E+01  8.605522E+01  1.259770E+01  7.602201E+00  1.051891E+00  
61    1.799089E+03  5.415522E-02  3.203104E-01  1.190910E-01  1.336514E+00  5.564724E+00  5.657662E+00  7.191265E+01  8.605522E+01  1.455137E+01  7.602201E+00  1.051891E+00  
62    1.518906E+03  5.415522E-02  4.519203E-01  1.190910E-01  1.336514E+00  5.564724E+00  5.657662E+00  7.531393E+01  8.820736E+01  1.617404E+01  7.602201E+00  1.000803E+00  
63    6.134947E+04  5.415522E-02  4.519203E-01  1.190910E-01  1.336514E+00  1.993831E+02  5.657662E+00  7.531393E+01  8.820736E+01  1.617404E+01  7.602201E+00  9.283224E-01  
64    1.502093E+03  5.415522E-02  4.519203E-01  1.190910E-01  1.336514E+00  5.564724E+00  5.657662E+00  7.531393E+01  8.211424E+01  1.617404E+01  7.602201E+00  1.000803E+00  
65    7.010906E+04  5.415522E-02  3.900391E-01  1.190910E-01  1.336514E+00  2.131204E+02  5.657662E+00  8.392505E+01  8.820736E+01  1.182250E+01  7.602201E+00  1.000803E+00  
66    4.550652E+03  5.415522E-02  4.519203E-01  1.190910E-01  1.336514E+00  4.461394E+01  5.657662E+00  7.531393E+01  8.820736E+01  1.182250E+01  7.602201E+00  1.006635E+00  
67    4.450118E+04  5.415522E-02  4.519203E-01  1.311033E+00  1.336514E+00  5.564724E+00  5.101160E+01  6.683016E+01  8.820736E+01  1.182250E+01  7.602201E+00  1.006635E+00  
68    1.836099E+05  5.415522E-02  4.519203E-01  1.190910E-01  1.336514E+00  5.564724E+00  1.050723E+02  7.531393E+01  8.820736E+01  1.182250E+01  7.602201E+00  1.011419E+00  
69    1.493423E+03  5.415522E-02  4.519203E-01  1.190910E-01  1.336514E+00  5.564724E+00  5.657662E+00  7.531393E+01  8.820736E+01  1.398637E+01  7.602201E+00  1.011419E+00  
70    1.763724E+03  5.415522E-02  4.519203E-01  1.190910E-01  6.129800E+00  5.564724E+00  5.657662E+00  7.531393E+01  8.820736E+01  1.182250E+01  7.602201E+00  1.011419E+00  
71    2.449873E+03  5.415522E-02  4.519203E-01  1.190910E-01  1.336514E+00  5.564724E+00  5.657662E+00  9.284609E+01  8.820736E+01  1.182250E+01  7.602201E+00  1.011419E+00  
72    1.460702E+03  3.960973E-02  4.519203E-01  1.190910E-01  1.336514E+00  5.564724E+00  5.657662E+00  7.531393E+01  8.800939E+01  1.182250E+01  7.602201E+00  1.011419E+00  
73    4.239356E+06  3.960973E-02  4.519203E-01  1.190910E-01  1.336514E+00  5.564724E+00  5.065940E+02  7.531393E+01  8.800939E+01  1.182250E+01  7.602201E+00  1.011419E+00  
74    1.468251E+03  3.960973E-02  4.519203E-01  1.190910E-01  1.336514E+00  5.564724E+00  5.657662E+00  8.058348E+01  8.800939E+01  1.182250E+01  7.602201E+00  1.011419E+00  
75    2.108604E+03  3.960973E-02  4.519203E-01  1.190910E-01  1.336514E+00  5.564724E+00  5.657662E+00  5.764639E+01  8.446667E+01  1.402676E+01  7.602201E+00  1.011419E+00  
76    1.555164E+03  3.960973E-02  4.519203E-01  1.190910E-01  1.336514E+00  5.564724E+00  5.657662E+00  7.531393E+01  8.446667E+01  1.182250E+01  1.688036E+01  1.011419E+00  
77    2.018680E+06  3.960973E-02  4.519203E-01  1.190910E-01  1.336514E+00  5.564724E+00  3.498063E+02  7.531393E+01  8.446667E+01  1.182250E+01  7.602201E+00  1.011419E+00  
78    1.491530E+03  3.960973E-02  4.519203E-01  1.190910E-01  1.336514E+00  5.564724E+00  5.657662E+00  7.531393E+01  9.003488E+01  1.051909E+01  7.602201E+00  1.011419E+00  
79    1.535884E+03  3.960973E-02  4.519203E-01  1.190910E-01  1.336514E+00  5.564724E+00  5.657662E+00  7.531393E+01  9.582935E+01  1.051909E+01  7.602201E+00  1.011419E+00  
80    1.476246E+03  3.960973E-02  4.519203E-01  1.190910E-01  1.336514E+00  5.564724E+00  5.657662E+00  7.531393E+01  8.446667E+01  1.051909E+01  7.602201E+00  1.213283E+00  
81    1.455593E+03  3.960973E-02  4.519203E-01  1.190910E-01  1.336514E+00  5.564724E+00  5.657662E+00  7.531393E+01  8.446667E+01  4.594342E+00  7.602201E+00  1.120164E+00  
82    1.555505E+03  3.960973E-02  4.647340E-01  1.190910E-01  1.336514E+00  5.564724E+00  5.657662E+00  7.120571E+01  8.446667E+01  4.594342E+00  7.602201E+00  1.011419E+00  
83    1.353780E+03  3.960973E-02  4.647340E-01  1.190910E-01  1.336514E+00  5.564724E+00  5.657662E+00  8.137300E+01  8.446667E+01  4.594342E+00  7.602201E+00  1.167236E+00  
84    1.572385E+03  3.960973E-02  5.710901E-01  1.190910E-01  1.336514E+00  5.564724E+00  5.657662E+00  8.137300E+01  8.446667E+01  4.594342E+00  7.602201E+00  1.167236E+00  
85    1.434351E+03  3.960973E-02  4.647340E-01  1.425077E-01  1.336514E+00  5.564724E+00  5.657662E+00  8.137300E+01  6.857727E+01  4.594342E+00  7.602201E+00  1.011419E+00  
86    1.358451E+03  3.960973E-02  4.647340E-01  1.425077E-01  1.336514E+00  5.564724E+00  5.657662E+00  8.137300E+01  8.446667E+01  4.594342E+00  7.602201E+00  1.317513E+00  
87    1.639015E+03  3.960973E-02  2.809951E-01  1.425077E-01  1.336514E+00  5.564724E+00  5.657662E+00  8.137300E+01  8.446667E+01  3.671353E+00  7.602201E+00  1.011419E+00  
88    1.469585E+04  3.960973E-02  4.647340E-01  1.425077E-01  1.336514E+00  1.116528E+02  5.657662E+00  8.137300E+01  8.446667E+01  3.671353E+00  7.602201E+00  1.011419E+00  
89    2.358256E+03  3.482047E-01  4.647340E-01  1.425077E-01  3.556438E+00  5.564724E+00  5.657662E+00  8.137300E+01  8.423528E+01  3.671353E+00  7.602201E+00  1.131127E+00  
90    1.488810E+03  1.010649E-01  4.647340E-01  1.425077E-01  1.336514E+00  5.564724E+00  5.657662E+00  8.137300E+01  8.423528E+01  3.671353E+00  7.602201E+00  1.131127E+00  
91    1.346193E+03  3.960973E-02  4.647340E-01  1.425077E-01  1.336514E+00  5.564724E+00  5.657662E+00  8.137300E+01  8.423528E+01  3.671353E+00  8.628187E+00  1.131127E+00  
92    4.599593E+05  3.960973E-02  4.647340E-01  1.425077E-01  1.336514E+00  5.564724E+00  1.641673E+02  8.137300E+01  8.423528E+01  3.671353E+00  9.284974E-01  1.131127E+00  
93    1.534831E+03  3.960973E-02  4.647340E-01  1.425077E-01  1.336514E+00  5.564724E+00  5.657662E+00  7.186916E+01  8.423528E+01  3.671353E+00  9.284974E-01  1.131127E+00  
94    3.048274E+06  3.960973E-02  4.647340E-01  1.425077E-01  1.336514E+00  5.564724E+00  4.222323E+02  8.137300E+01  8.423528E+01  7.634960E-01  9.284974E-01  1.131127E+00  
95    1.322198E+03  3.960973E-02  4.647340E-01  1.425077E-01  1.336514E+00  5.564724E+00  5.657662E+00  8.137300E+01  8.423528E+01  7.634960E-01  9.284974E-01  1.019026E+00  
96    1.319299E+03  3.960973E-02  4.647340E-01  1.425077E-01  1.336514E+00  5.564724E+00  5.657662E+00  8.137300E+01  8.423528E+01  7.634960E-01  3.796299E+00  1.131127E+00  
97    1.340686E+03  3.960973E-02  4.647340E-01  1.425077E-01  1.336514E+00  5.564724E+00  5.657662E+00  8.137300E+01  9.121597E+01  5.066134E-01  9.284974E-01  1.131127E+00  
98    1.352760E+03  3.960973E-02  4.647340E-01  1.425077E-01  1.336514E+00  5.564724E+00  5.657662E+00  8.700147E+01  8.423528E+01  5.066134E-01  9.284974E-01  1.131127E+00  
99    1.322120E+03  3.960973E-02  4.647340E-01  1.425077E-01  1.336514E+00  5.564724E+00  5.657662E+00  8.137300E+01  8.303204E+01  5.066134E-01  9.284974E-01  1.131127E+00  
100   1.319483E+03  3.960973E-02  4.647340E-01  1.425077E-01  1.336514E+00  5.564724E+00  5.657662E+00  8.137300E+01  8.423528E+01  5.066134E-01  9.284974E-01  1.043660E+00  
101   8.692973E+04  3.960973E-02  4.647340E-01  1.425077E-01  1.336514E+00  2.837437E+02  5.657662E+00  8.137300E+01  8.423528E+01  8.907879E-01  9.284974E-01  1.131127E+00  
102   1.317272E+03  3.960973E-02  4.647340E-01  1.425077E-01  1.336514E+00  5.564724E+00  5.657662E+00  8.137300E+01  8.423528E+01  5.066134E-01  9.284974E-01  1.127928E+00  
103   8.705694E+05  3.960973E-02  4.647340E-01  1.425077E-01  1.336514E+00  5.564724E+00  2.257909E+02  8.137300E+01  8.423528E+01  6.536504E-02  9.284974E-01  1.127928E+00  
104   1.336501E+03  3.960973E-02  4.647340E-01  1.425077E-01  1.336514E+00  5.564724E+00  5.657662E+00  7.975907E+01  8.423528E+01  5.066134E-01  9.284974E-01  1.127928E+00  
105   2.510985E+03  3.960973E-02  4.647340E-01  1.425077E-01  1.336514E+00  3.523267E+01  5.657662E+00  8.362995E+01  8.423528E+01  5.066134E-01  9.284974E-01  1.127928E+00  
106   1.319734E+03  3.960973E-02  4.647340E-01  1.425077E-01  1.336514E+00  5.564724E+00  5.657662E+00  8.362995E+01  8.423528E+01  5.066134E-01  6.240966E+00  1.127928E+00  
107   1.309895E+03  3.960973E-02  4.647340E-01  1.425077E-01  1.336514E+00  5.564724E+00  5.657662E+00  8.362995E+01  8.423528E+01  8.941533E-01  9.284974E-01  1.127928E+00  
108   1.690577E+03  3.960973E-02  5.991446E-01  1.425077E-01  1.336514E+00  5.564724E+00  5.657662E+00  8.362995E+01  8.423528E+01  5.066134E-01  9.284974E-01  1.127928E+00  
109   1.636822E+03  3.315649E-03  4.647340E-01  1.425077E-01  1.336514E+00  5.564724E+00  5.657662E+00  8.362995E+01  8.423528E+01  5.066134E-01  8.752495E-01  1.127928E+00  
110   1.285218E+03  3.960973E-02  4.184595E-01  1.425077E-01  1.336514E+00  5.564724E+00  5.657662E+00  8.362995E+01  8.423528E+01  3.180729E-01  9.284974E-01  1.127928E+00  
111   1.356975E+03  3.960973E-02  4.184595E-01  1.425077E-01  1.336514E+00  5.564724E+00  5.657662E+00  7.897630E+01  8.423528E+01  3.180729E-01  9.284974E-01  1.127928E+00  
112   1.325575E+03  3.960973E-02  4.184595E-01  1.425077E-01  1.336514E+00  5.564724E+00  5.657662E+00  8.362995E+01  8.423528E+01  3.180729E-01  9.284974E-01  1.430611E+00  
113   1.285167E+03  3.960973E-02  4.184595E-01  1.425077E-01  1.336514E+00  5.564724E+00  5.657662E+00  8.362995E+01  8.423528E+01  2.532810E-01  9.284974E-01  1.127928E+00  
114   1.326115E+03  3.960973E-02  3.624048E-01  1.425077E-01  1.336514E+00  5.564724E+00  5.657662E+00  8.362995E+01  9.047770E+01  2.532810E-01  9.284974E-01  1.127928E+00  
115   2.571086E+03  3.960973E-02  4.184595E-01  1.425077E-01  1.336514E+00  5.564724E+00  5.657662E+00  9.813417E+01  8.423528E+01  2.532810E-01  9.284974E-01  1.127928E+00  
116   1.026498E+04  3.960973E-02  4.184595E-01  1.425077E-01  1.336514E+00  9.365753E+01  5.657662E+00  8.362995E+01  8.423528E+01  2.532810E-01  9.284974E-01  1.127928E+00  
117   8.321897E+03  3.960973E-02  4.184595E-01  1.425077E-01  1.336514E+00  8.314290E+01  5.657662E+00  8.362995E+01  8.423528E+01  2.532810E-01  9.284974E-01  1.127928E+00  
118   1.295493E+03  3.960973E-02  4.184595E-01  1.425077E-01  3.195976E+00  5.564724E+00  5.657662E+00  8.362995E+01  8.423528E+01  2.532810E-01  9.284974E-01  1.127928E+00  
119   8.844426E+05  3.960973E-02  4.184595E-01  1.425077E-01  1.336514E+00  5.564724E+00  2.434889E+02  8.362995E+01  8.423528E+01  2.532810E-01  9.284974E-01  1.127928E+00  
120   1.525976E+03  3.960973E-02  4.184595E-01  1.425077E-01  1.336514E+00  5.564724E+00  5.657662E+00  9.240753E+01  8.423528E+01  2.532810E-01  9.284974E-01  1.127928E+00  
121   1.845883E+06  3.960973E-02  4.184595E-01  1.425077E-01  1.336514E+00  1.715742E+00  3.519331E+02  8.362995E+01  8.423528E+01  2.532810E-01  9.284974E-01  1.127928E+00  
122   1.587966E+03  3.960973E-02  4.184595E-01  1.425077E-01  1.336514E+00  1.715742E+00  5.657662E+00  8.362995E+01  9.940414E+01  2.532810E-01  9.284974E-01  1.127928E+00  
123   1.273924E+03  3.960973E-02  4.184595E-01  1.425077E-01  1.336514E+00  1.715742E+00  5.657662E+00  8.362995E+01  8.423528E+01  4.915489E+00  1.044993E+00  1.127928E+00  
124   1.568254E+03  2.541177E-01  4.184595E-01  1.425077E-01  1.336514E+00  1.715742E+00  5.657662E+00  8.362995E+01  8.423528E+01  2.532810E-01  1.208504E+00  1.127928E+00  
125   1.341424E+03  3.960973E-02  4.969478E-01  1.425077E-01  1.336514E+00  1.715742E+00  5.657662E+00  8.362995E+01  8.423528E+01  2.532810E-01  1.208504E+00  1.127928E+00  
126   2.180567E+06  3.960973E-02  4.184595E-01  1.425077E-01  1.336514E+00  1.715742E+00  3.824385E+02  8.438929E+01  8.423528E+01  2.532810E-01  1.208504E+00  1.127928E+00  
127   1.462131E+03  1.831093E-01  4.184595E-01  1.425077E-01  1.336514E+00  1.715742E+00  5.657662E+00  8.438929E+01  8.423528E+01  2.532810E-01  1.208504E+00  1.127928E+00  
128   1.266213E+03  3.960973E-02  4.184595E-01  1.425077E-01  1.336514E+00  1.715742E+00  5.657662E+00  8.438929E+01  8.423528E+01  1.513627E+00  1.208504E+00  1.127928E+00  
