Run   obj.function   XQ01          YQ01          RQ01          XQ02          YQ02          RQ02          XQ03          YQ03          RQ03          XQ04          YQ04          RQ04          XQ05          YQ05          RQ05          XQ06          YQ06          RQ06          
1     6.0000000000000000E+04  2.670000E+03  1.520000E+03  1.000000E+04  3.340000E+03  1.000000E+03  1.000000E+04  4.430000E+03  5.020000E+03  1.000000E+04  5.130000E+03  3.715000E+03  1.000000E+04  4.770000E+03  4.170000E+03  1.000000E+04  4.500000E+03  4.585000E+03  1.000000E+04  
2     9.7254327628327000E+08  2.468842E+03  1.747335E+03  7.514612E+03  3.457556E+03  9.547338E+02  6.121925E+03  4.701538E+03  4.402845E+03  7.738634E+03  5.652650E+03  3.636501E+03  1.031613E+04  4.842118E+03  4.334981E+03  8.174329E+03  4.433598E+03  4.259424E+03  7.410651E+03  
3     1.3237508801840127E+09  3.167885E+03  1.430670E+03  1.423921E+04  3.340000E+03  9.148845E+02  1.000000E+04  4.912624E+03  4.766083E+03  1.000000E+04  4.904507E+03  3.715000E+03  1.096617E+04  4.837828E+03  4.170000E+03  9.575373E+03  4.412554E+03  4.399008E+03  6.099437E+03  
4     6.2492814628375554E+08  3.158832E+03  1.327098E+03  1.337948E+04  3.482525E+03  8.703297E+02  1.404263E+04  4.770435E+03  5.020000E+03  1.000000E+04  4.731453E+03  3.715000E+03  7.624166E+03  5.081913E+03  4.170000E+03  1.000000E+04  4.500000E+03  4.585000E+03  1.000000E+04  
5     2.4710930064568651E+08  2.670000E+03  1.689596E+03  1.146211E+04  3.340000E+03  1.000000E+03  1.363853E+04  4.430000E+03  4.888959E+03  1.000000E+04  5.130000E+03  3.715000E+03  1.000000E+04  4.998872E+03  4.262221E+03  1.000000E+04  4.500000E+03  4.585000E+03  1.000000E+04  
6     4.4728110803189158E+08  2.670000E+03  1.225177E+03  1.000000E+04  3.340000E+03  9.574327E+02  1.000000E+04  4.926718E+03  4.336947E+03  1.000000E+04  5.130000E+03  3.613766E+03  1.599503E+04  4.770000E+03  4.170000E+03  1.000000E+04  5.036809E+03  4.585000E+03  1.000000E+04  
7     4.0643531317099202E+06  2.670000E+03  1.520000E+03  1.238135E+04  3.340000E+03  1.021158E+03  1.000000E+04  4.430000E+03  5.020000E+03  7.943798E+03  5.288598E+03  3.747216E+03  1.000000E+04  4.770000E+03  4.170000E+03  4.535677E+03  4.500000E+03  4.585000E+03  5.863302E+03  
8     3.9951534660326558E+08  2.670000E+03  1.520000E+03  1.000000E+04  2.804801E+03  1.000000E+03  4.563715E+03  4.383017E+03  5.020000E+03  1.360680E+04  5.130000E+03  3.715000E+03  1.295804E+04  4.334234E+03  4.170000E+03  1.000000E+04  4.500000E+03  4.585000E+03  7.218046E+03  
9     8.7917319164547861E+08  2.670000E+03  1.520000E+03  1.000000E+04  3.340000E+03  8.117984E+02  1.000000E+04  4.430000E+03  5.069074E+03  1.000000E+04  5.007309E+03  3.715000E+03  1.000000E+04  4.770000E+03  4.170000E+03  1.419165E+04  4.612683E+03  4.859139E+03  1.000000E+04  
10    2.4372197555828875E+08  2.670000E+03  1.529395E+03  1.000000E+04  3.340000E+03  1.104086E+03  1.000000E+04  4.430000E+03  5.020000E+03  1.000000E+04  5.130000E+03  4.150789E+03  1.000000E+04  4.598451E+03  4.170000E+03  1.000000E+04  4.500000E+03  4.585000E+03  8.675558E+03  
11    2.7304573366419161E+06  2.670000E+03  1.520000E+03  1.000000E+04  3.340000E+03  1.000000E+03  1.140546E+04  4.430000E+03  5.020000E+03  5.665403E+03  5.130000E+03  3.715000E+03  2.829875E+03  4.770000E+03  4.170000E+03  1.000000E+04  4.500000E+03  4.741832E+03  1.000000E+04  
12    1.9293726038018730E+07  2.670000E+03  1.520000E+03  1.000000E+04  4.145992E+03  1.000000E+03  1.000000E+04  4.430000E+03  4.827313E+03  1.000000E+04  5.130000E+03  3.715000E+03  1.000000E+04  4.728886E+03  4.170000E+03  4.726038E+03  4.500000E+03  5.028588E+03  1.000000E+04  
13    2.0532910783598296E+07  2.593200E+03  1.520000E+03  8.565055E+03  3.340000E+03  1.000000E+03  1.000000E+04  4.430000E+03  5.020000E+03  1.000000E+04  5.582906E+03  3.715000E+03  1.245729E+03  4.770000E+03  4.170000E+03  1.000000E+04  4.500000E+03  4.585000E+03  1.000000E+04  
14    8.1153657148914291E+06  2.670000E+03  1.357519E+03  1.000000E+04  3.340000E+03  1.000000E+03  1.000000E+04  4.365963E+03  5.020000E+03  1.000000E+04  5.130000E+03  3.608761E+03  3.365715E+03  5.177828E+03  3.879172E+03  1.000000E+04  4.500000E+03  4.261737E+03  1.000000E+04  
15    5.4799179528681231E+08  2.670000E+03  1.520000E+03  1.000000E+04  3.340000E+03  1.330280E+03  1.000000E+04  4.344644E+03  5.020000E+03  1.000000E+04  5.130000E+03  3.715000E+03  1.000000E+04  4.770000E+03  4.170000E+03  1.579529E+04  4.500000E+03  4.450720E+03  1.000000E+04  
16    1.7096596835625149E+07  2.670000E+03  1.520000E+03  1.000000E+04  3.340000E+03  1.000000E+03  1.233684E+04  4.339863E+03  5.020000E+03  1.000000E+04  5.130000E+03  4.636935E+03  1.356000E+04  4.770000E+03  4.192424E+03  1.000000E+04  4.500000E+03  4.450720E+03  1.000000E+04  
17    2.9094282135599703E+08  2.670000E+03  1.631261E+03  1.000000E+04  3.211980E+03  1.000000E+03  1.000000E+04  4.623266E+03  5.020000E+03  7.758044E+03  5.130000E+03  3.715000E+03  1.246831E+04  4.535199E+03  4.170000E+03  1.000000E+04  4.500000E+03  4.450720E+03  1.000000E+04  
18    1.1056741595599642E+06  2.670000E+03  1.520000E+03  1.000000E+04  3.340000E+03  1.011359E+03  1.000000E+04  4.451038E+03  5.020000E+03  7.758044E+03  5.130000E+03  3.715000E+03  3.738517E+03  4.256832E+03  4.170000E+03  1.000000E+04  4.636737E+03  4.385399E+03  1.475760E+04  
19    5.0936111975012478E+04  2.670000E+03  1.520000E+03  3.032011E+03  3.340000E+03  1.000000E+03  1.096424E+04  4.444069E+03  5.020000E+03  7.758044E+03  5.130000E+03  3.715000E+03  1.000000E+04  4.535199E+03  4.195717E+03  9.181822E+03  4.500000E+03  4.450720E+03  1.000000E+04  
20    4.7591731568507506E+06  2.773340E+03  1.520000E+03  4.579056E+03  3.340000E+03  1.000000E+03  1.096424E+04  4.370422E+03  5.020000E+03  7.758044E+03  5.030406E+03  3.715000E+03  1.000000E+04  4.535199E+03  4.195717E+03  9.181822E+03  4.500000E+03  4.450720E+03  1.000000E+04  
21    5.0936111975012478E+04  2.731726E+03  1.520000E+03  3.032011E+03  3.340000E+03  1.000000E+03  1.096424E+04  4.444069E+03  5.020000E+03  7.758044E+03  5.434506E+03  3.715000E+03  1.000000E+04  4.535199E+03  4.195717E+03  9.181822E+03  4.500000E+03  4.450720E+03  1.000000E+04  
22    4.2638593611197507E+08  2.731726E+03  1.520000E+03  3.032011E+03  3.340000E+03  1.000000E+03  1.096424E+04  4.444069E+03  5.020000E+03  7.758044E+03  5.434506E+03  3.451717E+03  1.000000E+04  4.535199E+03  4.195717E+03  9.181822E+03  4.500000E+03  4.450720E+03  1.000000E+04  
23    5.0566177484709246E+04  2.670000E+03  1.698258E+03  3.032011E+03  3.340000E+03  1.000000E+03  1.096424E+04  4.444069E+03  5.020000E+03  7.758044E+03  5.130000E+03  3.715000E+03  1.000000E+04  4.580841E+03  4.303088E+03  8.811887E+03  4.500000E+03  4.450720E+03  1.000000E+04  
24    4.9645529272384854E+04  2.670000E+03  1.402154E+03  3.032011E+03  3.340000E+03  1.000000E+03  1.096424E+04  4.444069E+03  5.020000E+03  7.758044E+03  5.130000E+03  3.715000E+03  1.000000E+04  4.580841E+03  4.303088E+03  7.891239E+03  4.500000E+03  4.450720E+03  1.000000E+04  
25    3.5487464552927238E+08  2.670000E+03  1.402154E+03  3.032011E+03  3.340000E+03  1.000000E+03  1.096424E+04  4.444069E+03  5.020000E+03  7.758044E+03  5.130000E+03  3.421971E+03  1.000000E+04  4.580841E+03  4.303088E+03  7.891239E+03  4.500000E+03  4.450720E+03  1.000000E+04  
26    6.4150777791721644E+04  2.670000E+03  1.289784E+03  5.608285E+03  3.340000E+03  1.000000E+03  1.021103E+04  4.512608E+03  4.984648E+03  7.758044E+03  5.049706E+03  3.715000E+03  1.000000E+04  4.580841E+03  4.303088E+03  9.181822E+03  4.500000E+03  4.352963E+03  1.000000E+04  
27    2.8833423949211884E+08  2.670000E+03  1.520000E+03  6.359249E+02  3.340000E+03  1.000000E+03  1.021103E+04  4.512608E+03  4.984648E+03  7.758044E+03  5.584144E+03  3.715000E+03  1.000000E+04  4.580841E+03  4.303088E+03  5.634496E+03  4.500000E+03  4.450720E+03  1.000000E+04  
28    4.7851409852070239E+04  2.670000E+03  1.520000E+03  7.005171E+02  3.340000E+03  1.000000E+03  1.021103E+04  4.447277E+03  4.984648E+03  7.758044E+03  5.130000E+03  3.715000E+03  1.000000E+04  4.580841E+03  4.303088E+03  9.181822E+03  4.500000E+03  4.450720E+03  1.000000E+04  
29    4.8696123490770857E+04  2.670000E+03  1.520000E+03  6.359249E+02  3.340000E+03  1.000000E+03  1.021103E+04  4.447277E+03  4.984648E+03  7.758044E+03  5.130000E+03  3.715000E+03  1.000000E+04  4.580841E+03  4.303088E+03  1.009113E+04  4.500000E+03  4.450720E+03  1.000000E+04  
30    5.4201003370733124E+04  2.622928E+03  1.520000E+03  7.050111E+03  3.340000E+03  1.000000E+03  1.021103E+04  4.447277E+03  4.984648E+03  7.758044E+03  5.130000E+03  3.715000E+03  1.000000E+04  4.580841E+03  4.303088E+03  9.181822E+03  4.500000E+03  4.450720E+03  1.000000E+04  
31    7.8144581758291903E+05  2.622928E+03  1.520000E+03  6.359249E+02  3.340000E+03  9.097511E+02  1.021103E+04  4.447277E+03  4.984648E+03  7.758044E+03  5.130000E+03  3.715000E+03  1.000000E+04  4.580841E+03  4.303088E+03  9.181822E+03  4.500000E+03  4.450720E+03  1.000000E+04  
32    4.4092213016058849E+04  2.622928E+03  1.520000E+03  6.359249E+02  3.340000E+03  1.000000E+03  1.021103E+04  4.447277E+03  4.984648E+03  7.758044E+03  5.130000E+03  3.715000E+03  6.305395E+03  4.580841E+03  4.303088E+03  9.181822E+03  4.500000E+03  4.450720E+03  1.000000E+04  
33    6.4185009221301603E+08  2.622928E+03  1.520000E+03  6.359249E+02  3.340000E+03  1.315945E+03  1.021103E+04  4.447277E+03  4.984648E+03  7.758044E+03  5.130000E+03  3.715000E+03  6.305395E+03  4.580841E+03  4.303088E+03  9.181822E+03  4.500000E+03  4.450720E+03  1.000000E+04  
34    4.6002883016058848E+04  2.622928E+03  1.520000E+03  6.359249E+02  3.340000E+03  1.000000E+03  1.021103E+04  4.447277E+03  4.975883E+03  7.758044E+03  5.130000E+03  3.715000E+03  6.305395E+03  4.580841E+03  4.303088E+03  9.181822E+03  4.500000E+03  4.450720E+03  1.000000E+04  
