  -5.04486363061002     
 (256.796100000000,67.4011500000000)
           0           2           0           0
 strings
 circles
           1         100
 (33881.7505813775,0.000000000000000E+000)
 (-67.9831001097265,-5.25332365273264)
 (-1.24553326545526,-2.28818566707239)
 (-0.105224169706160,-0.827502994116885)
 (6.462764701943427E-002,-0.260649799325746)
 (4.983867076219027E-002,-7.130594398947225E-002)
 (2.348718773093793E-002,-1.594305939649850E-002)
 (9.083170710803033E-003,-2.168249691277638E-003)
 (3.075402769599754E-003,3.883022856979606E-004)
 (9.198119449023909E-004,4.833785979079951E-004)
 (2.346451848800238E-004,2.623204781438814E-004)
 (4.391059006157069E-005,1.122150536477968E-004)
 (6.623999753512703E-007,4.170202815478231E-005)
 (-4.896996614920313E-006,1.374438268308606E-005)
 (-3.330445491633253E-006,3.937273689507967E-006)
 (-1.609030687244745E-006,8.930496171418765E-007)
 (-6.558158340819770E-007,9.385289065525758E-008)
 (-2.343297864652098E-007,-5.366708171577952E-008)
 (-7.273810241327997E-008,-4.925473710114643E-008)
 (-1.831056501267388E-008,-2.660541185879559E-008)
 (-2.690915247893281E-009,-1.163042516267279E-008)
 (6.650078426788779E-010,-4.381869307074680E-009)
 (8.349635035565234E-010,-1.424603870452697E-009)
 (4.899221418002272E-010,-3.789466610947196E-010)
 (2.223309643740525E-010,-6.188069229909848E-011)
 (8.740068149860858E-011,1.047134039055236E-011)
 (2.883239265004266E-011,1.543396649875095E-011)
 (1.072910463820712E-011,9.031049439739169E-012)
 (-1.587774618285759E-012,9.376506678864104E-012)
 (-4.990528423666370E-012,4.593252598672695E-012)
 (-3.175549236571519E-012,1.684768381578530E-012)
 (-2.147149609330366E-012,-1.023084900485385E-012)
 (-1.713999378735255E-012,-2.697223828552378E-013)
 (-9.672802695498183E-013,-1.187841429914200E-012)
 (-1.834909412428982E-012,-2.470019259743286E-012)
 (-1.328681688942058E-015,-2.404913856985125E-013)
 (-1.239660015782940E-012,-4.703533178854885E-013)
 (3.574153743254136E-013,-1.360570049476667E-012)
 (-9.287485005704986E-013,3.055967884566733E-014)
 (-8.702865062570480E-013,-1.328681688942058E-013)
 (-3.733595545927183E-013,1.687425744956414E-013)
 (-8.251113288330181E-013,3.134360104214315E-012)
 (-1.950504719366941E-012,-5.274866305099971E-013)
 (2.915127625538875E-012,-1.990365170035203E-012)
 (-1.784419508249184E-012,7.825935147868722E-013)
 (-1.023084900485385E-012,-5.952493966460420E-013)
 (2.667992831395652E-012,4.437796841066474E-013)
 (-2.318549547203891E-012,-3.691077731881038E-012)
 (-1.460221176147322E-012,1.522669215527599E-012)
 (-7.241315204734217E-013,-3.288487180131594E-012)
 (-3.986045066826174E-013,-6.165083036691149E-013)
 (-2.260087552890441E-012,-1.569173074640571E-012)
 (1.207771655248331E-012,1.203785610181505E-012)
 (-9.134686611476649E-013,-1.092176348310372E-012)
 (1.651551339354978E-012,2.923099715672528E-014)
 (-5.801688594765496E-012,-2.153793017775076E-012)
 (1.904000860253969E-012,-1.142666252490170E-012)
 (4.571993691649622E-012,-8.184679203883078E-013)
 (-2.579635499081006E-012,3.592755286899325E-012)
 (1.778440440648945E-012,2.681279648285073E-012)
 (-1.016441492040674E-012,1.969106263012130E-012)
 (-2.357081316183211E-012,-1.753859829403517E-012)
 (-9.692732920832313E-013,1.942532629233289E-012)
 (9.407066357709771E-013,-2.551068842768751E-013)
 (-7.739570838087488E-013,-1.469521947969916E-012)
 (-6.557044134929057E-013,3.303102678709956E-012)
 (-6.294629501363000E-013,3.127716695769605E-012)
 (-2.806840067890098E-012,1.448263040946843E-012)
 (-1.972095796812250E-012,-6.749702979825655E-013)
 (-4.889548615306773E-013,1.567844392951629E-012)
 (-7.390791894740198E-013,6.271377571806514E-013)
 (-6.299279887274297E-012,-6.510540275816084E-013)
 (-1.139510633478932E-012,-3.313732132221493E-012)
 (-1.904416073281764E-012,-1.514697125393946E-012)
 (-1.191495304558791E-012,-2.861980357981193E-012)
 (9.814888593609425E-012,-3.000163253631167E-012)
 (6.634273758098813E-013,-6.855997514941019E-013)
 (-5.495012252436558E-012,6.643408444710291E-014)
 (-2.136852326241065E-012,-3.940869889402145E-012)
 (1.199633479903561E-012,2.835406724202352E-012)
 (-3.394781715246959E-012,3.720308729037763E-013)
 (-7.018761021836422E-013,3.122401969013837E-012)
 (-3.324361585733029E-012,3.024079524032124E-012)
 (-2.736752108798404E-012,1.559872302817976E-012)
 (-4.250452722925644E-012,-1.538613395794903E-012)
 (-4.328180601728754E-012,-2.577642476547592E-012)
 (4.010293507649367E-012,-7.198797390688070E-012)
 (-3.247298047774390E-012,-6.927746326143891E-012)
 (2.119247293862583E-012,-4.331502305951109E-013)
 (7.440617458075526E-013,-1.161533532473147E-011)
 (1.480151401481453E-012,1.017238701054040E-011)
 (3.300445315332072E-012,1.411059953656466E-012)
 (-4.927416043441622E-012,5.261579488210550E-012)
 (1.932567516566223E-012,-7.892369232315825E-013)
 (5.955815670682775E-012,-4.366048029863603E-012)
 (3.893037348600230E-013,5.354587206436494E-012)
 (-4.577308418405390E-013,1.767146646292937E-012)
 (1.684768381578530E-012,-1.638264522465558E-012)
 (-2.626803699038449E-012,4.676959545076044E-013)
 (-2.992191163497515E-012,6.810822337516990E-012)
 (-9.340632273262668E-013,-1.573159119707397E-012)
           2         100
 (9031.54492645871,0.000000000000000E+000)
 (-68.6363084375948,-3.90358958699835)
 (1.26309938124631,2.29171787866080)
 (-0.137270575896470,-1.10458683335499)
 (-0.119959427197257,0.458755382886528)
 (0.119930542824540,-0.162957635197440)
 (-7.335240704612533E-002,4.582133401444959E-002)
 (3.643444315829845E-002,-6.671697276512699E-003)
 (-1.559324439440574E-002,-3.086872815825213E-003)
 (5.751110885900032E-003,3.696719338004118E-003)
 (-1.722878972512312E-003,-2.391364083607064E-003)
 (3.148462020327674E-004,1.234268150151302E-003)
 (6.839677349108234E-005,-5.477015974853255E-004)
 (-1.145044261816245E-004,2.107317184947997E-004)
 (7.993440715095444E-005,-6.732501060151806E-005)
 (-4.325283150659540E-005,1.468113590458235E-005)
 (2.000376246096136E-005,9.069434075603502E-007)
 (-8.048759073570584E-006,-3.572407294824002E-006)
 (2.733888129676246E-006,2.759942383235998E-006)
 (-6.823408103367978E-007,-1.578022919575026E-006)
 (2.698280223047574E-008,7.627915806441372E-007)
 (1.126397721693479E-007,-3.207220582847068E-007)
 (-9.913592829267834E-008,1.150333779663875E-007)
 (6.018580204932359E-008,-3.174711601712174E-008)
 (-3.039225270532094E-008,3.377738470025512E-009)
 (1.330125015765282E-008,3.606919351611944E-009)
 (-4.991335818217646E-009,-3.723870172550292E-009)
 (1.483543748259631E-009,2.400654498531345E-009)
 (-2.251650936152426E-010,-1.258239703578600E-009)
 (-1.214810343626594E-010,5.731966454549771E-010)
 (1.445070650220420E-010,-2.213449610050712E-010)
 (-1.012943052608232E-010,6.851309242387542E-011)
 (5.312732698483548E-011,-1.267213286011105E-011)
 (-2.586328881890278E-011,-4.803007060822546E-012)
 (8.810110590400515E-012,4.275810370036664E-012)
 (-3.259219851951484E-012,-4.455629396351228E-012)
 (-2.227303848669039E-013,2.062810307551738E-012)
 (4.209399934181853E-013,-2.086309384854210E-012)
 (-9.246376069015964E-013,5.200447976938260E-013)
 (-4.372871776286003E-013,-2.421426661167716E-013)
 (-3.351172763135068E-013,1.481463569068856E-013)
 (-5.588693601935616E-013,2.233434042747944E-012)
 (-1.429356919398159E-012,-3.862022269710535E-013)
 (2.081200889788455E-012,-1.428335220385008E-012)
 (-1.269971873346613E-012,5.721514473645238E-013)
 (-7.243846003240131E-013,-4.536343618390152E-013)
 (1.924880940776362E-012,3.473776644713180E-013)
 (-1.644935411173006E-012,-2.665612725310790E-012)
 (-1.044176391440256E-012,1.067675468742727E-012)
 (-4.730466430888830E-013,-2.360124720378660E-012)
 (-2.411209671036207E-013,-3.943758190762610E-013)
 (-1.628588226962591E-012,-1.116717021373972E-012)
 (8.582271710467857E-013,8.929649374939174E-013)
 (-6.743213486796173E-013,-7.529921726922393E-013)
 (1.254646388149349E-012,3.780286348658461E-014)
 (-4.146054595366496E-012,-1.520288131568592E-012)
 (1.314415780418678E-012,-8.030554243366352E-013)
 (3.261774099484361E-012,-6.252797960483723E-013)
 (-1.833438879099353E-012,2.551182435837885E-012)
 (1.264352528774282E-012,1.912620552618551E-012)
 (-7.136567606859283E-013,1.403814444069385E-012)
 (-1.716965191600147E-012,-1.270993572359764E-012)
 (-7.402209350278526E-013,1.390532356898423E-012)
 (6.886251348637303E-013,-1.747105312488099E-013)
 (-5.874769325617878E-013,-1.046219789466558E-012)
 (-4.411185489279163E-013,2.386688894720585E-012)
 (-3.872239259842045E-013,2.235477440774246E-012)
 (-2.002530065775833E-012,1.020677314137784E-012)
 (-1.390787781651711E-012,-4.720249440757321E-013)
 (-3.236231624155588E-013,1.108543429268765E-012)
 (-4.715140945691566E-013,4.556777598653171E-013)
 (-4.511695129697886E-012,-4.475041677601097E-013)
 (-8.026722872067035E-013,-2.335603944063038E-012)
 (-1.358412694172490E-012,-1.062566973676973E-012)
 (-8.653790641388422E-013,-2.063832006564889E-012)
 (6.976416286547874E-012,-2.157828315774775E-012)
 (5.179694715733632E-013,-5.476306710489013E-013)
 (-3.923835060006167E-012,3.269436842082993E-014)
 (-1.492702258213517E-012,-2.846453450638506E-012)
 (8.830033721156958E-013,2.031137638144059E-012)
 (-2.391031115526476E-012,2.390775690773188E-013)
 (-4.968011451446423E-013,2.271236906234529E-012)
 (-2.343266686661670E-012,2.143524529590662E-012)
 (-1.903680686253480E-012,1.105478332229312E-012)
 (-2.993578108532240E-012,-1.070740565782180E-012)
 (-3.132018324814192E-012,-1.845188417750589E-012)
 (2.927678522184005E-012,-5.133015842070299E-012)
 (-2.416573590855250E-012,-4.946044922663678E-012)
 (1.536635315779007E-012,-1.982096085512814E-013)
 (5.021650649636847E-013,-8.363628121653556E-012)
 (1.027829207229841E-012,7.326603623305356E-012)
 (2.424491758207169E-012,9.246376069015964E-013)
 (-3.523329046851001E-012,3.787438241750517E-012)
 (1.350175245878961E-012,-5.578476611804107E-013)
 (4.279386316582692E-012,-3.153984853596937E-012)
 (2.830106266428091E-013,3.863043968723687E-012)
 (-3.008903593729504E-013,1.266906776307160E-012)
 (1.180062360189330E-012,-1.176997263149877E-012)
 (-1.845188417750589E-012,3.259219851951483E-013)
 (-2.138416034524907E-012,4.852048613453792E-012)
 (-7.192761052582584E-013,-1.140216098676444E-012)
 ellipses
 areasinks
