(x-5)^2 + (y-8)^2
X = -6.581294E+00
Y = -1.036768E+01
Fb = 1.000000E+99
Xmin = -3.000000E+01
Ymax = 3.000000E+01
000. 0.000000E+00
001. 4.714980E-01
002. 9.429961E-01
003. 1.414494E+00
004. 1.885992E+00
005. 2.357490E+00
006. 2.828988E+00
007. 3.300486E+00
008. 3.771984E+00
009. 4.243482E+00
010. 4.714980E+00
011. 5.186478E+00
012. 5.657976E+00
013. 6.129475E+00
014. 6.600973E+00
015. 7.072471E+00
016. 7.543969E+00
017. 8.015467E+00
018. 8.486965E+00
019. 8.958463E+00
020. 9.429961E+00
021. 9.901459E+00
022. 1.037296E+01
023. 1.084445E+01
024. 1.131595E+01
025. 1.178745E+01
026. 1.225895E+01
027. 1.273045E+01
028. 1.320195E+01
029. 1.367344E+01
030. 1.414494E+01
031. 1.461644E+01
032. 1.508794E+01
033. 1.555944E+01
034. 1.603093E+01
035. 1.650243E+01
036. 1.697393E+01
037. 1.744543E+01
038. 1.791693E+01
039. 1.838842E+01
040. 1.885992E+01
041. 1.933142E+01
042. 1.980292E+01
043. 2.027442E+01
044. 2.074591E+01
045. 2.121741E+01
046. 2.168891E+01
047. 2.216041E+01
048. 2.263191E+01
049. 2.310340E+01
050. 2.357490E+01
051. 2.404640E+01
052. 2.451790E+01
053. 2.498940E+01
054. 2.546089E+01
055. 2.593239E+01
056. 2.640389E+01
057. 2.687539E+01
058. 2.734689E+01
059. 2.781838E+01
060. 2.828988E+01
061. 2.876138E+01
062. 2.923288E+01
063. 2.970438E+01
064. 3.017587E+01
065. 3.064737E+01
066. 3.111887E+01
067. 3.159037E+01
068. 3.206187E+01
069. 3.253336E+01
070. 3.300486E+01
071. 3.347636E+01
072. 3.394786E+01
073. 3.441936E+01
074. 3.489085E+01
075. 3.536235E+01
076. 3.583385E+01
077. 3.630535E+01
078. 3.677685E+01
079. 3.724835E+01
080. 3.771984E+01
081. 3.819134E+01
082. 3.866284E+01
083. 3.913434E+01
084. 3.960584E+01
085. 4.007733E+01
086. 4.054883E+01
087. 4.102033E+01
088. 4.149183E+01
089. 4.196333E+01
090. 4.243482E+01
091. 4.290632E+01
092. 4.337782E+01
093. 4.384932E+01
094. 4.432082E+01
095. 4.479231E+01
096. 4.526381E+01
097. 4.573531E+01
098. 4.620681E+01
099. 4.667831E+01
100. 4.714980E+01
101. 4.762130E+01
102. 4.809280E+01
103. 4.856430E+01
104. 4.903580E+01
105. 4.950729E+01
106. 4.997879E+01
107. 5.045029E+01
108. 5.092179E+01
109. 5.139329E+01
110. 5.186478E+01
111. 5.233628E+01
112. 5.280778E+01
113. 5.327928E+01
114. 5.375078E+01
115. 5.422227E+01
116. 5.469377E+01
117. 5.516527E+01
118. 5.563677E+01
119. 5.610827E+01
120. 5.657976E+01
121. 5.705126E+01
122. 5.752276E+01
123. 5.799426E+01
124. 5.846576E+01
125. 5.893725E+01
126. 5.940875E+01
127. 5.988025E+01
128. 6.035175E+01
129. 6.082325E+01
130. 6.129475E+01
131. 6.176624E+01
132. 6.223774E+01
133. 6.270924E+01
134. 6.318074E+01
135. 6.365224E+01
136. 6.412373E+01
137. 6.459523E+01
138. 6.506673E+01
139. 6.553823E+01
140. 6.600973E+01
141. 6.648122E+01
142. 6.695272E+01
143. 6.742422E+01
144. 6.789572E+01
145. 6.836722E+01
146. 6.883871E+01
147. 6.931021E+01
148. 6.978171E+01
149. 7.025321E+01
150. 7.072471E+01
151. 7.119620E+01
152. 7.166770E+01
153. 7.213920E+01
154. 7.261070E+01
155. 7.308220E+01
156. 7.355369E+01
157. 7.402519E+01
158. 7.449669E+01
159. 7.496819E+01
160. 7.543969E+01
161. 7.591118E+01
162. 7.638268E+01
163. 7.685418E+01
164. 7.732568E+01
165. 7.779718E+01
166. 7.826867E+01
167. 7.874017E+01
168. 7.921167E+01
169. 7.968317E+01
170. 8.015467E+01
171. 8.062616E+01
172. 8.109766E+01
173. 8.156916E+01
174. 8.204066E+01
175. 8.251216E+01
176. 8.298365E+01
177. 8.345515E+01
178. 8.392665E+01
179. 8.439815E+01
180. 8.486965E+01
181. 8.534115E+01
182. 8.581264E+01
183. 8.628414E+01
184. 8.675564E+01
185. 8.722714E+01
186. 8.769864E+01
187. 8.817013E+01
188. 8.864163E+01
189. 8.911313E+01
190. 8.958463E+01
191. 9.005613E+01
192. 9.052762E+01
193. 9.099912E+01
194. 9.147062E+01
195. 9.194212E+01
196. 9.241362E+01
197. 9.288511E+01
198. 9.335661E+01
199. 9.382811E+01
200. 9.429961E+01
201. 9.477111E+01
202. 9.524260E+01
203. 9.571410E+01
204. 9.618560E+01
205. 9.665710E+01
206. 9.712860E+01
207. 9.760009E+01
208. 9.807159E+01
209. 9.854309E+01
210. 9.901459E+01
211. 9.948609E+01
212. 9.995758E+01
213. 1.004291E+02
214. 1.009006E+02
215. 1.013721E+02
216. 1.018436E+02
217. 1.023151E+02
218. 1.027866E+02
219. 1.032581E+02
220. 1.037296E+02
221. 1.042011E+02
222. 1.046726E+02
223. 1.051441E+02
224. 1.056156E+02
225. 1.060871E+02
226. 1.065586E+02
227. 1.070301E+02
228. 1.075016E+02
229. 1.079731E+02
230. 1.084445E+02
231. 1.089160E+02
232. 1.093875E+02
233. 1.098590E+02
234. 1.103305E+02
235. 1.108020E+02
236. 1.112735E+02
237. 1.117450E+02
238. 1.122165E+02
239. 1.126880E+02
240. 1.131595E+02
241. 1.136310E+02
242. 1.141025E+02
243. 1.145740E+02
244. 1.150455E+02
245. 1.155170E+02
246. 1.159885E+02
247. 1.164600E+02
248. 1.169315E+02
249. 1.174030E+02
250. 1.178745E+02
251. 1.183460E+02
252. 1.188175E+02
253. 1.192890E+02
254. 1.197605E+02
255. 1.202320E+02
256. 1.207035E+02
257. 1.211750E+02
258. 1.216465E+02
259. 1.221180E+02
260. 1.225895E+02
261. 1.230610E+02
262. 1.235325E+02
263. 1.240040E+02
264. 1.244755E+02
265. 1.249470E+02
266. 1.254185E+02
267. 1.258900E+02
268. 1.263615E+02
269. 1.268330E+02
270. 1.273045E+02
271. 1.277760E+02
272. 1.282475E+02
273. 1.287190E+02
274. 1.291905E+02
275. 1.296620E+02
276. 1.301335E+02
277. 1.306050E+02
278. 1.310765E+02
279. 1.315480E+02
280. 1.320195E+02
281. 1.324909E+02
282. 1.329624E+02
283. 1.334339E+02
284. 1.339054E+02
285. 1.343769E+02
286. 1.348484E+02
287. 1.353199E+02
288. 1.357914E+02
289. 1.362629E+02
290. 1.367344E+02
291. 1.372059E+02
292. 1.376774E+02
293. 1.381489E+02
294. 1.386204E+02
295. 1.390919E+02
296. 1.395634E+02
297. 1.400349E+02
298. 1.405064E+02
299. 1.409779E+02
300. 1.414494E+02
301. 1.419209E+02
302. 1.423924E+02
303. 1.428639E+02
304. 1.433354E+02
305. 1.438069E+02
306. 1.442784E+02
307. 1.447499E+02
308. 1.452214E+02
309. 1.456929E+02
310. 1.461644E+02
311. 1.466359E+02
312. 1.471074E+02
313. 1.475789E+02
314. 1.480504E+02
315. 1.485219E+02
316. 1.489934E+02
317. 1.494649E+02
318. 1.499364E+02
319. 1.504079E+02
320. 1.508794E+02
321. 1.513509E+02
322. 1.518224E+02
323. 1.522939E+02
324. 1.527654E+02
325. 1.532369E+02
326. 1.537084E+02
327. 1.541799E+02
328. 1.546514E+02
329. 1.551229E+02
330. 1.555944E+02
331. 1.560659E+02
332. 1.565373E+02
333. 1.570088E+02
334. 1.574803E+02
335. 1.579518E+02
336. 1.584233E+02
337. 1.588948E+02
338. 1.593663E+02
339. 1.598378E+02
340. 1.603093E+02
341. 1.607808E+02
342. 1.612523E+02
343. 1.617238E+02
344. 1.621953E+02
345. 1.626668E+02
346. 1.631383E+02
347. 1.636098E+02
348. 1.640813E+02
349. 1.645528E+02
350. 1.650243E+02
351. 1.654958E+02
352. 1.659673E+02
353. 1.664388E+02
354. 1.669103E+02
355. 1.673818E+02
356. 1.678533E+02
357. 1.683248E+02
358. 1.687963E+02
359. 1.692678E+02
360. 1.697393E+02
361. 1.702108E+02
362. 1.706823E+02
363. 1.711538E+02
364. 1.716253E+02
365. 1.720968E+02
366. 1.725683E+02
367. 1.730398E+02
368. 1.735113E+02
369. 1.739828E+02
370. 1.744543E+02
371. 1.749258E+02
372. 1.753973E+02
373. 1.758688E+02
374. 1.763403E+02
375. 1.768118E+02
376. 1.772833E+02
377. 1.777548E+02
378. 1.782263E+02
379. 1.786978E+02
380. 1.791693E+02
381. 1.796408E+02
382. 1.801123E+02
383. 1.805837E+02
384. 1.810552E+02
385. 1.815267E+02
386. 1.819982E+02
387. 1.824697E+02
388. 1.829412E+02
389. 1.834127E+02
390. 1.838842E+02
391. 1.843557E+02
392. 1.848272E+02
393. 1.852987E+02
394. 1.857702E+02
395. 1.862417E+02
396. 1.867132E+02
397. 1.871847E+02
398. 1.876562E+02
399. 1.881277E+02
400. 1.885992E+02
401. 1.890707E+02
402. 1.895422E+02
403. 1.900137E+02
404. 1.904852E+02
405. 1.909567E+02
406. 1.914282E+02
407. 1.918997E+02
408. 1.923712E+02
409. 1.928427E+02
410. 1.933142E+02
411. 1.937857E+02
412. 1.942572E+02
413. 1.947287E+02
414. 1.952002E+02
415. 1.956717E+02
416. 1.961432E+02
417. 1.966147E+02
418. 1.970862E+02
419. 1.975577E+02
420. 1.980292E+02
421. 1.985007E+02
422. 1.989722E+02
423. 1.994437E+02
424. 1.999152E+02
425. 2.003867E+02
426. 2.008582E+02
427. 2.013297E+02
428. 2.018012E+02
429. 2.022727E+02
430. 2.027442E+02
431. 2.032157E+02
432. 2.036872E+02
433. 2.041587E+02
434. 2.046301E+02
435. 2.051016E+02
436. 2.055731E+02
437. 2.060446E+02
438. 2.065161E+02
439. 2.069876E+02
440. 2.074591E+02
441. 2.079306E+02
442. 2.084021E+02
443. 2.088736E+02
444. 2.093451E+02
445. 2.098166E+02
446. 2.102881E+02
447. 2.107596E+02
448. 2.112311E+