  -4.95643335529875     
 (256.796100000000,67.4011500000000)
           0           2           0           0
 strings
 circles
           1         100
 (32825.3118750749,0.000000000000000E+000)
 (-67.5576740177789,-5.10172327228116)
 (-1.20820953838581,-2.22136056970544)
 (-0.101815773286042,-0.803050520969172)
 (6.279957076918441E-002,-0.252844972729128)
 (4.836582417127651E-002,-6.913637564620755E-002)
 (2.277821113954977E-002,-1.544738819444276E-002)
 (8.803923908704454E-003,-2.097641048569849E-003)
 (2.979156805396821E-003,3.773312742433388E-004)
 (8.905168297307987E-004,4.683535255972155E-004)
 (2.270460386935290E-004,2.539410657264421E-004)
 (4.246862767489549E-005,1.085599993032205E-004)
 (6.434428574006800E-007,4.032272077633223E-005)
 (-4.729230248593101E-006,1.328480273947768E-005)
 (-3.215472643952832E-006,3.805103181859770E-006)
 (-1.553098721630448E-006,8.634654529080034E-007)
 (-6.329354536965949E-007,9.119607957552933E-008)
 (-2.261654472535845E-007,-5.151339330988143E-008)
 (-7.022912696491343E-008,-4.741020705620652E-008)
 (-1.769878413448351E-008,-2.562637114551062E-008)
 (-2.614782009076261E-009,-1.120728044919014E-008)
 (6.323628081383169E-010,-4.224509375446260E-009)
 (8.014891113042491E-010,-1.374458263199210E-009)
 (4.711787761191180E-010,-3.661663608320731E-010)
 (2.139847164716112E-010,-6.011429724308860E-011)
 (8.420183846464279E-011,9.903685217631317E-012)
 (2.776552347730688E-011,1.478075056935808E-011)
 (1.043837569309878E-011,8.634457084034039E-012)
 (-1.609365391506038E-012,9.157236138018319E-012)
 (-4.984268145075443E-012,4.482664951505716E-012)
 (-3.123439411146587E-012,1.698039306991979E-012)
 (-2.177143148871243E-012,-1.034970177761284E-012)
 (-1.684804394232883E-012,-2.302874820082653E-013)
 (-9.621781575862578E-013,-1.143496462385869E-012)
 (-1.823770978203388E-012,-2.451105842984525E-012)
 (-9.264438931366994E-015,-2.170525692491696E-013)
 (-1.226876412768172E-012,-4.685159116719879E-013)
 (3.494016968401266E-013,-1.316873819530023E-012)
 (-9.462962622753429E-013,5.161615976047325E-014)
 (-8.854156635835027E-013,-1.177907235559518E-013)
 (-3.983708740487807E-013,1.919062350068877E-013)
 (-8.285055387193912E-013,3.120792428594767E-012)
 (-1.953473123242526E-012,-5.148381063288230E-013)
 (2.875946542551497E-012,-1.993177861519813E-012)
 (-1.723185641234261E-012,7.623309749239126E-013)
 (-1.037617160313103E-012,-6.154234432979503E-013)
 (2.661540955854146E-012,4.446930687056157E-013)
 (-2.301551328806743E-012,-3.679305747028606E-012)
 (-1.461134368604166E-012,1.506133071985091E-012)
 (-7.438020970611787E-013,-3.292846294463012E-012)
 (-3.599896270474032E-013,-6.220408996774982E-013)
 (-2.260523099253547E-012,-1.590836513643304E-012)
 (1.210994517457257E-012,1.237464342975448E-012)
 (-8.629163118930400E-013,-1.072027933486752E-012)
 (1.688113122422657E-012,4.367521210501583E-014)
 (-5.775715928069366E-012,-2.146702849525323E-012)
 (1.899209980930234E-012,-1.114379654315858E-012)
 (4.538251585093917E-012,-8.073296783048380E-013)
 (-2.590734172592984E-012,3.560191532196745E-012)
 (1.766860853339277E-012,2.694628237751886E-012)
 (-1.005191624053319E-012,1.969355018553441E-012)
 (-2.351843997291307E-012,-1.754949431856091E-012)
 (-9.456345166373881E-013,1.982589931312537E-012)
 (9.297526213264734E-013,-2.805801504928289E-013)
 (-7.451255883370883E-013,-1.434664543085974E-012)
 (-6.263422463242043E-013,3.295493277014831E-012)
 (-6.270039919621590E-013,3.123439411146587E-012)
 (-2.799514921367719E-012,1.426723595430517E-012)
 (-1.994832225614700E-012,-6.670396030584235E-013)
 (-4.685159116719879E-013,1.522014967296006E-012)
 (-7.416514237378256E-013,6.061590043665833E-013)
 (-6.273348647811365E-012,-6.352758124365939E-013)
 (-1.109581998440686E-012,-3.276964399152097E-012)
 (-1.890193696613100E-012,-1.500839106881453E-012)
 (-1.177452285433424E-012,-2.829624347894662E-012)
 (9.785667019012317E-012,-3.012266143970182E-012)
 (6.416864733042808E-013,-6.935094285766150E-013)
 (-5.478592136627667E-012,5.823361614002111E-014)
 (-2.113615567627584E-012,-3.891064351174137E-012)
 (1.208678407724415E-012,2.819036417687385E-012)
 (-3.345124199861439E-012,3.758715223583181E-013)
 (-7.216336181896934E-013,3.123439411146587E-012)
 (-3.332881905559276E-012,3.006972178866544E-012)
 (-2.734994721667127E-012,1.561719705573293E-012)
 (-4.254362706411314E-012,-1.529955914951464E-012)
 (-4.379763504803746E-012,-2.575514022920024E-012)
 (3.996943653246903E-012,-7.178616680533510E-012)
 (-3.265714723306865E-012,-6.890095582385225E-012)
 (2.154643797180781E-012,-4.235172082910626E-013)
 (7.682866856655057E-013,-1.160172452462330E-011)
 (1.496206887415770E-012,1.014059015601913E-011)
 (3.257773775651408E-012,1.408194717567783E-012)
 (-4.962430539022935E-012,5.248966400257357E-012)
 (1.928988534638199E-012,-7.623309749239126E-013)
 (5.910712038212142E-012,-4.346345350087029E-012)
 (3.798419961860467E-013,5.360139667433761E-012)
 (-4.539575076369827E-013,1.785389731202011E-012)
 (1.655025840524918E-012,-1.629217760644681E-012)
 (-2.603307339714125E-012,4.605749640165305E-013)
 (-3.008295670142454E-012,6.782892789036549E-012)
 (-9.754130703453535E-013,-1.561719705573293E-012)
           2         100
 (8380.87331366834,0.000000000000000E+000)
 (-66.9141013573962,-3.79093982360325)
 (1.21827807426671,2.22202317161045)
 (-0.130337312050329,-1.06963198756733)
 (-0.117221049748009,0.443640052356519)
 (0.116440377677678,-0.157310931485907)
 (-7.105122320807633E-002,4.409591073473475E-002)
 (3.523011274037454E-002,-6.338290929982354E-003)
 (-1.505162762260527E-002,-3.031004683916919E-003)
 (5.539534310493986E-003,3.587828764975242E-003)
 (-1.653848230735836E-003,-2.313164745892222E-003)
 (2.990729655437357E-004,1.191197655639769E-003)
 (6.797005992070927E-005,-5.274726466951740E-004)
 (-1.110726269360166E-004,2.024615499307979E-004)
 (7.717925884647851E-005,-6.445972599636937E-005)
 (-4.164536999531951E-005,1.393965869583061E-005)
 (1.921433391192593E-005,9.535285475714962E-007)
 (-7.711837063641964E-006,-3.462680298897237E-006)
 (2.611000909732074E-006,2.658673255917060E-006)
 (-6.475312986318551E-007,-1.515267238816994E-006)
 (2.276091045240888E-008,7.306383303907896E-007)
 (1.090600662333009E-007,-3.064723706859323E-007)
 (-9.523901164415496E-008,1.096165871047774E-007)
 (5.762637174061830E-008,-3.011103508198731E-008)
 (-2.903124437138307E-008,3.116631595707196E-009)
 (1.267920342420492E-008,3.486904826356869E-009)
 (-4.747293616847696E-009,-3.566907632431678E-009)
 (1.406413271676369E-009,2.292113134287959E-009)
 (-2.108910286382074E-010,-1.198842113813849E-009)
 (-1.172300090809548E-010,5.452979940013983E-010)
 (1.379834372292993E-010,-2.101624709867432E-010)
 (-9.649153081601931E-011,6.492933696298311E-011)
 (5.044489325747044E-011,-1.193000696036514E-011)
 (-2.456963505320981E-011,-4.647420422404565E-012)
 (8.305158563134730E-012,4.032481884848568E-012)
 (-3.106585772385810E-012,-4.235800299210680E-012)
 (-2.531513590587089E-013,1.965411338833756E-012)
 (4.225833710271361E-013,-2.016240942424284E-012)
 (-9.059629345841197E-013,4.764029512994601E-013)
 (-4.166034176635446E-013,-2.342148400740023E-013)
 (-3.318874116793310E-013,1.504954929837206E-013)
 (-5.312191904657159E-013,2.183679636604847E-012)
 (-1.388345839247171E-012,-3.587972018154930E-013)
 (2.011257647954624E-012,-1.402299063762218E-012)
 (-1.233863710687723E-012,5.710855462229930E-013)
 (-7.126111091613262E-013,-4.315533010725235E-013)
 (1.905611805197840E-012,3.139475515885563E-013)
 (-1.601630842548603E-012,-2.597293077586596E-012)
 (-1.016592071810563E-012,1.035528590795270E-012)
 (-4.574664323147535E-013,-2.310255316134202E-012)
 (-2.421881112254577E-013,-3.946769219970422E-013)
 (-1.579206017435135E-012,-1.078384923234343E-012)
 (8.327085058801232E-013,8.770598266600938E-013)
 (-6.587915288890023E-013,-7.305509692521010E-013)
 (1.222900462854472E-012,1.793986009077465E-014)
 (-4.032481884848568E-012,-1.491998364216092E-012)
 (1.282699996490387E-012,-7.853672084183568E-013)
 (3.214224932930458E-012,-6.229118087074530E-013)
 (-1.803454268569818E-012,2.494637211511608E-012)
 (1.246820276308838E-012,1.868735426122359E-012)
 (-6.866979779190962E-013,1.376385932519988E-012)
 (-1.679868565722259E-012,-1.243830299627042E-012)
 (-7.230760275476115E-013,1.361436049111009E-012)
 (6.857013190251643E-013,-1.584687641351760E-013)
 (-5.955036891243251E-013,-1.022572025174155E-012)
 (-4.372840897126320E-013,2.310255316134202E-012)
 (-4.126167820878169E-013,2.178696342135188E-012)
 (-1.977620410284422E-012,9.797156927350820E-013)
 (-1.361436049111009E-012,-4.803895868751877E-013)
 (-3.279007761036033E-013,1.086358194385798E-012)
 (-4.648167916575014E-013,4.166034176635446E-013)
 (-4.415946394288876E-012,-4.385299133300469E-013)
 (-8.028087390621655E-013,-2.274375595952653E-012)
 (-1.319202628480644E-012,-1.038518567477066E-012)
 (-8.324593411566402E-013,-2.023217554681807E-012)
 (6.800772040322969E-012,-2.126870079650728E-012)
 (5.012571324668875E-013,-5.282292137839201E-013)
 (-3.832838650157829E-012,2.989976681795774E-014)
 (-1.473373301135739E-012,-2.780678314070070E-012)
 (8.628574374215639E-013,1.959431385470164E-012)
 (-2.332057229438963E-012,2.511580412708451E-013)
 (-4.940936466667518E-013,2.192649566650235E-012)
 (-2.279608055145795E-012,2.093980336150974E-012)
 (-1.836094847346088E-012,1.096324783325117E-012)
 (-2.933416289565138E-012,-1.048485156416385E-012)
 (-3.061486957435390E-012,-1.780032784562418E-012)
 (2.837487871024190E-012,-4.994257717492876E-012)
 (-2.326201858437113E-012,-4.821835728842652E-012)
 (1.510436553753832E-012,-2.003284376803169E-013)
 (4.694263390419366E-013,-8.166622976878192E-012)
 (1.012107106787870E-012,7.163984129582675E-012)
 (2.376533132580675E-012,8.880230744933451E-013)
 (-3.435483207383345E-012,3.705577767638896E-012)
 (1.342499530126303E-012,-5.461690738746948E-013)
 (4.191947307877676E-012,-3.072699369992124E-012)
 (2.940143737099178E-013,3.742454146714378E-012)
 (-3.164391988233861E-013,1.229877075111995E-012)
 (1.168582553135182E-012,-1.145161069127782E-012)
 (-1.792491020736567E-012,3.259074583157394E-013)
 (-2.094976995044906E-012,4.741106358434166E-012)
 (-6.752364006388791E-013,-1.088351512173662E-012)
 ellipses
 areasinks
