True Cost 	Penalty 	Adjusted Cost
9.092394E+01	0.000000E+00	9.092394E+01
9.843181E+01	0.000000E+00	9.843181E+01
1.127197E+02	0.000000E+00	1.127197E+02
5.437557E+00	0.000000E+00	5.437557E+00
1.436313E+02	0.000000E+00	1.436313E+02
1.234853E+02	0.000000E+00	1.234853E+02
1.589120E+01	0.000000E+00	1.589120E+01
4.891393E+01	0.000000E+00	4.891393E+01
2.622134E+01	0.000000E+00	2.622134E+01
8.015409E-01	0.000000E+00	8.015409E-01
8.599977E+01	0.000000E+00	8.599977E+01
4.000920E+01	0.000000E+00	4.000920E+01
2.463212E+00	0.000000E+00	2.463212E+00
7.688528E+00	0.000000E+00	7.688528E+00
4.863459E+00	0.000000E+00	4.863459E+00
1.439649E+00	0.000000E+00	1.439649E+00
2.562039E+01	0.000000E+00	2.562039E+01
5.281081E+00	0.000000E+00	5.281081E+00
-9.251372E-02	0.000000E+00	-9.251372E-02
7.948448E-01	0.000000E+00	7.948448E-01
1.745102E+00	0.000000E+00	1.745102E+00
9.976283E-01	0.000000E+00	9.976283E-01
2.702624E+00	0.000000E+00	2.702624E+00
1.694170E+00	0.000000E+00	1.694170E+00
4.140746E-01	0.000000E+00	4.140746E-01
-5.650212E-02	0.000000E+00	-5.650212E-02
1.138193E+00	0.000000E+00	1.138193E+00
9.080364E-01	0.000000E+00	9.080364E-01
7.817515E-01	0.000000E+00	7.817515E-01
1.722990E+00	0.000000E+00	1.722990E+00
1.182253E+00	0.000000E+00	1.182253E+00
9.361892E-01	0.000000E+00	9.361892E-01
3.462655E-02	0.000000E+00	3.462655E-02
2.104101E+00	0.000000E+00	2.104101E+00
1.496852E+00	0.000000E+00	1.496852E+00
-5.009168E-01	0.000000E+00	-5.009168E-01
8.254285E-02	0.000000E+00	8.254285E-02
-3.074222E-02	0.000000E+00	-3.074222E-02
-4.012463E-01	0.000000E+00	-4.012463E-01
3.356277E+00	0.000000E+00	3.356277E+00
8.118195E-01	0.000000E+00	8.118195E-01
2.607960E-01	0.000000E+00	2.607960E-01
4.692966E-01	0.000000E+00	4.692966E-01
1.124210E+00	0.000000E+00	1.124210E+00
-2.496112E-01	0.000000E+00	-2.496112E-01
-3.857625E-01	0.000000E+00	-3.857625E-01
1.094377E-02	0.000000E+00	1.094377E-02
5.811647E-01	0.000000E+00	5.811647E-01
3.423840E+00	0.000000E+00	3.423840E+00
6.156570E-01	0.000000E+00	6.156570E-01
6.236626E-01	0.000000E+00	6.236626E-01
-3.253363E-01	0.000000E+00	-3.253363E-01
8.241127E-01	0.000000E+00	8.241127E-01
-4.805619E-01	0.000000E+00	-4.805619E-01
2.466129E+00	0.000000E+00	2.466129E+00
2.998302E+00	0.000000E+00	2.998302E+00
8.116160E-01	0.000000E+00	8.116160E-01
-5.768674E-01	0.000000E+00	-5.768674E-01
3.397212E+00	0.000000E+00	3.397212E+00
-1.547121E-01	0.000000E+00	-1.547121E-01
-2.096360E-01	0.000000E+00	-2.096360E-01
-6.012741E-01	0.000000E+00	-6.012741E-01
-3.400218E-01	0.000000E+00	-3.400218E-01
2.172840E-01	0.000000E+00	2.172840E-01
-8.587282E-01	0.000000E+00	-8.587282E-01
-2.973453E-01	0.000000E+00	-2.973453E-01
1.838887E-01	0.000000E+00	1.838887E-01
2.136870E-01	0.000000E+00	2.136870E-01
-5.206828E-01	0.000000E+00	-5.206828E-01
1.017093E+00	0.000000E+00	1.017093E+00
-9.099335E-02	0.000000E+00	-9.099335E-02
1.155297E+00	0.000000E+00	1.155297E+00
1.251231E+00	0.000000E+00	1.251231E+00
-5.127763E-01	0.000000E+00	-5.127763E-01
1.268002E+00	0.000000E+00	1.268002E+00
-8.805512E-01	0.000000E+00	-8.805512E-01
2.342736E+00	0.000000E+00	2.342736E+00
3.478871E-01	0.000000E+00	3.478871E-01
6.786271E-01	0.000000E+00	6.786271E-01
1.148432E+00	0.000000E+00	1.148432E+00
-3.913389E-01	0.000000E+00	-3.913389E-01
-7.478588E-01	0.000000E+00	-7.478588E-01
-5.214092E-01	0.000000E+00	-5.214092E-01
2.133274E-01	0.000000E+00	2.133274E-01
6.431393E-01	0.000000E+00	6.431393E-01
1.218067E+00	0.000000E+00	1.218067E+00
2.131928E-01	0.000000E+00	2.131928E-01
1.261328E-01	0.000000E+00	1.261328E-01
-3.425440E-02	0.000000E+00	-3.425440E-02
-1.670621E-01	0.000000E+00	-1.670621E-01
-7.064431E-01	0.000000E+00	-7.064431E-01
-8.442932E-01	0.000000E+00	-8.442932E-01
-1.448346E-01	0.000000E+00	-1.448346E-01
9.135183E-01	0.000000E+00	9.135183E-01
9.250133E-01	0.000000E+00	9.250133E-01
9.366661E-01	0.000000E+00	9.366661E-01
-6.542151E-01	0.000000E+00	-6.542151E-01
7.234292E-01	0.000000E+00	7.234292E-01
1.565326E+00	0.000000E+00	1.565326E+00
-2.637314E-02	0.000000E+00	-2.637314E-02
9.351223E-01	0.000000E+00	9.351223E-01
6.406041E-01	0.000000E+00	6.406041E-01
-5.245897E-01	0.000000E+00	-5.245897E-01
-4.063727E-01	0.000000E+00	-4.063727E-01
8.310739E-01	0.000000E+00	8.310739E-01
-4.836652E-01	0.000000E+00	-4.836652E-01
-8.738110E-01	0.000000E+00	-8.738110E-01
5.798889E-02	0.000000E+00	5.798889E-02
-3.422893E-02	0.000000E+00	-3.422893E-02
-4.750528E-01	0.000000E+00	-4.750528E-01
8.622291E-01	0.000000E+00	8.622291E-01
4.845480E-01	0.000000E+00	4.845480E-01
-9.294366E-01	0.000000E+00	-9.294366E-01
6.725868E-01	0.000000E+00	6.725868E-01
3.057076E-01	0.000000E+00	3.057076E-01
-8.653276E-01	0.000000E+00	-8.653276E-01
-5.033250E-01	0.000000E+00	-5.033250E-01
8.471617E-01	0.000000E+00	8.471617E-01
-1.914411E-01	0.000000E+00	-1.914411E-01
4.775974E-01	0.000000E+00	4.775974E-01
1.294180E+00	0.000000E+00	1.294180E+00
1.091740E-01	0.000000E+00	1.091740E-01
1.018611E+00	0.000000E+00	1.018611E+00
-8.242409E-01	0.000000E+00	-8.242409E-01
3.677226E-01	0.000000E+00	3.677226E-01
-4.306844E-01	0.000000E+00	-4.306844E-01
-9.330086E-01	0.000000E+00	-9.330086E-01
