Run   obj.function   <val1>        <val2>        
1     3.509898E-01  1.388844E+01  1.873203E+01  
2     1.052213E+02  -1.296416E+01  -3.091869E-01  
3     2.434533E+00  1.704593E+01  1.346930E+01  
4     8.600879E+01  8.999242E+00  -1.247273E+01  
5     9.178360E+01  -7.619445E+00  -4.200257E+00  
6     1.972543E+02  -1.729682E+01  -1.424287E+01  
7     -7.447033E-02  1.363797E+01  1.854028E+01  
8     2.792326E+01  -5.837822E-01  9.845407E+00  
9     2.187310E+00  1.190038E+01  1.364516E+01  
10    2.240232E+01  1.300504E+01  1.904777E+00  
11    3.289720E+00  1.428300E+01  1.144779E+01  
12    3.424201E+00  1.118905E+01  1.992772E+01  
13    -5.239433E-01  1.605514E+01  1.817911E+01  
14    2.458374E+00  9.708109E+00  1.394608E+01  
15    3.718879E+00  8.561388E+00  1.793199E+01  
16    2.155211E+00  1.422418E+01  1.095239E+01  
17    1.153584E+00  1.714150E+01  1.479321E+01  
18    3.424137E+00  1.122334E+01  1.996386E+01  
19    9.098112E-01  1.881071E+01  1.776737E+01  
20    2.808496E-01  1.485405E+01  1.617645E+01  
21    6.126652E-01  1.651102E+01  1.693172E+01  
22    -7.616630E-01  1.486648E+01  1.547619E+01  
23    1.502685E+00  1.826054E+01  1.928086E+01  
24    7.157386E-01  1.417454E+01  1.822470E+01  
25    6.590062E-01  1.431515E+01  1.647509E+01  
26    1.650096E+00  1.742703E+01  1.722169E+01  
27    1.295284E+00  1.825551E+01  1.664333E+01  
28    1.170890E+00  1.562104E+01  1.773810E+01  
29    8.328120E-01  1.498540E+01  1.612260E+01  
30    1.832737E+00  1.777182E+01  1.449886E+01  
31    2.503666E+00  9.250974E+00  1.774328E+01  
32    4.718268E-01  1.603125E+01  1.596813E+01  
33    2.970435E+00  9.590873E+00  1.657837E+01  
34    -9.009450E-01  1.478027E+01  1.643109E+01  
35    4.592450E+00  9.756034E+00  1.293730E+01  
36    2.464160E+00  1.640329E+01  1.300139E+01  
37    7.523888E-01  1.462549E+01  1.792189E+01  
38    1.660612E+00  1.213281E+01  1.575843E+01  
39    9.646641E+00  5.410890E+00  1.702813E+01  
40    8.471022E-01  1.397313E+01  1.517636E+01  
41    9.633163E-01  1.646874E+01  1.677593E+01  
42    3.890433E-01  1.546750E+01  1.650070E+01  
43    1.730217E+00  1.731274E+01  1.742726E+01  
44    1.972174E+00  9.318642E+00  1.641761E+01  
45    -3.405429E-01  1.270545E+01  1.694167E+01  
46    1.044939E+00  1.387703E+01  1.774352E+01  
47    2.310922E+00  1.823437E+01  1.772118E+01  
48    9.404382E-02  1.414016E+01  1.962153E+01  
49    6.146205E-01  1.530915E+01  1.684912E+01  
50    -8.386231E-01  1.465932E+01  1.654843E+01  
51    1.218623E+00  1.635272E+01  1.690398E+01  
52    2.271218E-01  1.565443E+01  1.866044E+01  
53    1.068535E-01  1.673915E+01  1.523490E+01  
54    1.673821E+00  1.358981E+01  1.904150E+01  
55    8.237871E-01  1.406995E+01  1.628601E+01  
56    8.936795E-01  1.903736E+01  1.645783E+01  
57    4.274633E-01  1.529683E+01  1.599275E+01  
58    -4.620789E-01  1.528928E+01  1.535720E+01  
59    -4.945105E-01  1.346211E+01  1.463412E+01  
60    1.262286E+00  1.427093E+01  1.485366E+01  
61    3.693804E-01  1.782014E+01  1.648033E+01  
62    3.510884E+00  8.949178E+00  1.637361E+01  
63    7.592402E-01  1.142564E+01  1.757145E+01  
64    3.015216E-01  1.430828E+01  1.409000E+01  
65    6.083472E-01  1.142916E+01  1.749607E+01  
66    1.992632E-01  1.542845E+01  1.612513E+01  
67    1.337924E+00  1.505995E+01  1.935151E+01  
68    1.729447E+00  1.108879E+01  1.647382E+01  
69    -4.766618E-01  1.424867E+01  1.726046E+01  
70    1.152756E+00  1.482810E+01  1.801902E+01  
71    1.880024E+00  1.827342E+01  1.569319E+01  
72    1.593730E+00  1.400163E+01  1.901192E+01  
73    1.158337E+00  1.424122E+01  1.812702E+01  
74    -4.200286E-02  1.554439E+01  1.652332E+01  
75    1.266459E+00  1.629439E+01  1.607089E+01  
76    7.655416E-01  1.497814E+01  1.708506E+01  
77    6.528388E-02  1.759113E+01  1.496885E+01  
78    1.016660E+00  1.360654E+01  1.750899E+01  
79    3.680311E-01  1.535426E+01  1.413316E+01  
80    1.027168E+00  1.647973E+01  1.643001E+01  
81    -5.977122E-01  1.398822E+01  1.708059E+01  
82    8.703653E-01  1.453652E+01  1.604728E+01  
83    9.125274E-01  1.073617E+01  1.481176E+01  
84    4.392884E-02  1.413272E+01  1.587551E+01  
85    8.283498E-01  1.608875E+01  1.699035E+01  
86    -8.023232E-01  1.355767E+01  1.653396E+01  
87    4.663022E-01  1.347558E+01  1.714629E+01  
88    9.078515E-01  1.509600E+01  1.671416E+01  
89    1.093548E+00  1.219883E+01  1.681973E+01  
90    -8.687083E-01  1.499586E+01  1.538740E+01  
91    1.158802E+00  1.500822E+01  1.816522E+01  
92    2.716993E-01  1.439091E+01  1.644313E+01  
93    -1.737043E-01  1.461882E+01  1.623811E+01  
94    -5.540971E-01  1.481056E+01  1.659851E+01  
95    -4.662890E-01  1.571528E+01  1.461008E+01  
96    -6.338017E-01  1.505751E+01  1.556843E+01  
97    -4.715466E-01  1.548322E+01  1.842525E+01  
98    8.593131E-01  1.535964E+01  1.650686E+01  
99    -8.761422E-01  1.436503E+01  1.747096E+01  
100   -3.450204E-01  1.468770E+01  1.625235E+01  
101   -3.671072E-01  1.541996E+01  1.430918E+01  
102   -3.397016E-01  1.488829E+01  1.558690E+01  
103   9.579884E-01  1.483167E+01  1.585908E+01  
104   -5.695560E-01  1.481367E+01  1.659202E+01  
105   8.077144E-01  1.489721E+01  1.684929E+01  
106   3.046566E-01  1.488721E+01  1.673323E+01  
107   -8.807860E-01  1.398875E+01  1.566154E+01  
108   -5.234856E-01  1.500165E+01  1.557703E+01  
109   1.235227E-01  1.482129E+01  1.781052E+01  
110   8.425033E-01  1.432722E+01  1.624214E+01  
111   -8.654740E-01  1.378764E+01  1.709086E+01  
112   7.864499E-01  1.453468E+01  1.607456E+01  
113   -4.140974E-02  1.472245E+01  1.672596E+01  
114   9.022783E-01  1.470755E+01  1.692190E+01  
115   -7.660598E-01  1.480517E+01  1.638889E+01  
116   -5.199680E-01  1.484673E+01  1.657339E+01  
117   -1.640878E-01  1.397470E+01  1.690937E+01  
118   3.882701E-01  1.491917E+01  1.719198E+01  
119   8.034748E-01  1.432873E+01  1.591211E+01  
120   1.017103E+00  1.478809E+01  1.589079E+01  
121   -8.790962E-01  1.468617E+01  1.637910E+01  
122   6.422869E-02  1.442679E+01  1.647431E+01  
123   -5.978280E-01  1.531038E+01  1.752043E+01  
124   1.139776E+00  1.460794E+01  1.472858E+01  
125   6.432491E-01  1.408389E+01  1.612982E+01  
126   -9.330086E-01  1.468525E+01  1.652112E+01  
127   -9.330086E-01  1.468525E+01  1.652112E+01  
