Run   obj.function   <val1>        <val2>        
1     2.139587E+00  1.073779E+01  1.684894E+01  
2     7.117485E+01  1.641744E+01  -1.004821E+01  
3     3.293826E+01  -4.838301E-01  6.981196E+00  
4     6.312042E+01  -2.188596E+00  -2.295612E+00  
5     6.154259E+01  -9.850772E+00  1.247259E+01  
6     6.146941E+01  3.982681E+00  -5.678357E+00  
7     -5.154042E-01  1.575318E+01  1.833252E+01  
8     1.417310E+01  1.608191E+01  4.975896E+00  
9     1.419636E+01  3.588174E+00  1.349060E+01  
10    1.673771E+01  4.735635E+00  8.852194E+00  
11    9.251439E+00  4.940359E+00  1.450848E+01  
12    3.731676E+01  1.199134E+01  -2.873451E+00  
13    1.945554E+00  1.787659E+01  1.896064E+01  
14    1.542192E+00  1.578555E+01  1.248795E+01  
15    1.309026E+00  1.179409E+01  1.657717E+01  
16    3.183857E+00  9.371106E+00  1.442610E+01  
17    -4.450443E-01  1.247018E+01  1.646739E+01  
18    2.941154E+01  1.599567E+01  -7.174683E-01  
19    9.254797E-01  1.686391E+01  1.854174E+01  
20    -8.207901E-01  1.570891E+01  1.624397E+01  
21    2.292758E-01  1.534512E+01  1.828859E+01  
22    1.078250E-01  1.245866E+01  1.721305E+01  
23    3.766808E-01  1.623509E+01  1.760500E+01  
24    5.523879E+00  1.741837E+01  9.641266E+00  
25    5.574593E-01  1.411249E+01  1.345235E+01  
26    3.137209E-01  1.567058E+01  1.812199E+01  
27    3.223642E+00  1.930517E+01  1.856435E+01  
28    1.242084E+00  1.622933E+01  1.852527E+01  
29    -8.471472E-01  1.359230E+01  1.663408E+01  
30    9.025863E-01  1.721927E+01  1.482063E+01  
31    1.548753E+00  1.257830E+01  1.800826E+01  
32    7.142815E-01  1.381889E+01  1.807493E+01  
33    4.848939E+00  7.256624E+00  1.537883E+01  
34    3.304748E+00  9.784005E+00  1.545607E+01  
35    2.412799E+00  1.089666E+01  1.564373E+01  
36    -6.099398E-01  1.480254E+01  1.741032E+01  
37    1.744543E+00  1.363778E+01  1.900413E+01  
38    -2.314389E-01  1.348672E+01  1.484077E+01  
39    3.669771E-01  1.362831E+01  1.430072E+01  
40    1.126291E+01  4.498325E+00  1.564859E+01  
41    3.073723E+00  1.948920E+01  1.614168E+01  
42    4.813081E-01  1.245999E+01  1.903096E+01  
43    1.724431E+00  1.719465E+01  1.753065E+01  
44    -4.295191E-02  1.649373E+01  1.494202E+01  
45    1.104539E+00  1.609246E+01  1.715036E+01  
46    2.038185E+00  1.935707E+01  1.910993E+01  
47    4.746994E-01  1.451253E+01  1.717852E+01  
48    -5.226622E-01  1.581177E+01  1.834772E+01  
49    8.360419E-01  1.324042E+01  1.628641E+01  
50    1.339172E+00  1.586343E+01  1.913372E+01  
51    -3.937204E-01  1.550590E+01  1.857518E+01  
52    2.338137E+00  1.820040E+01  1.955497E+01  
53    8.942967E-01  1.036330E+01  1.633006E+01  
54    -3.861057E-01  1.686950E+01  1.579532E+01  
55    9.865172E-01  1.350207E+01  1.737407E+01  
56    2.607182E-01  1.518260E+01  1.956686E+01  
57    1.232541E+00  1.493881E+01  1.804426E+01  
58    1.433393E+01  2.536085E+00  1.689059E+01  
59    -4.466255E-01  1.487722E+01  1.637025E+01  
60    1.049151E-01  1.153755E+01  1.691069E+01  
61    4.224593E-01  1.441153E+01  1.663899E+01  
62    3.886808E-02  1.458256E+01  1.564863E+01  
63    -3.232499E-01  1.534235E+01  1.756908E+01  
64    1.915452E+01  7.788559E-01  1.534507E+01  
65    8.688112E-01  1.616013E+01  1.678170E+01  
66    4.329744E+00  8.697096E+00  1.788932E+01  
67    1.604614E+00  1.724498E+01  1.723017E+01  
68    6.830023E-02  1.515904E+01  1.322517E+01  
69    -7.062905E-01  1.551357E+01  1.702113E+01  
70    9.576122E-01  1.038943E+01  1.562612E+01  
71    9.554536E-01  1.518443E+01  1.653608E+01  
72    -3.210211E-01  1.540769E+01  1.591135E+01  
73    -2.971163E-01  1.666974E+01  1.763993E+01  
74    8.718051E-01  1.533947E+01  1.661259E+01  
75    -7.342211E-01  1.554344E+01  1.562882E+01  
76    9.651306E-01  1.519471E+01  1.645533E+01  
77    1.668334E+00  1.189681E+01  1.635163E+01  
78    8.790665E-02  1.776836E+01  1.547367E+01  
79    1.267451E+00  1.307742E+01  1.657411E+01  
80    -7.237915E-01  1.478621E+01  1.744427E+01  
81    -8.518146E-01  1.518820E+01  1.553698E+01  
82    -4.200298E-01  1.541260E+01  1.703844E+01  
83    -1.590641E-01  1.701173E+01  1.674753E+01  
84    -8.682215E-01  1.560650E+01  1.580420E+01  
85    1.115693E-01  1.310828E+01  1.923175E+01  
86    5.152151E-01  1.601697E+01  1.440171E+01  
87    6.839259E-01  1.435354E+01  1.664477E+01  
88    1.015163E+00  1.469306E+01  1.698053E+01  
89    1.015205E+00  1.526054E+01  1.628692E+01  
90    5.028035E-01  1.343138E+01  1.707441E+01  
91    6.766545E-01  1.457198E+01  1.502060E+01  
92    7.457080E-01  1.575559E+01  1.544263E+01  
93    -7.586838E-01  1.533256E+01  1.568378E+01  
94    4.946731E-01  1.538380E+01  1.676331E+01  
95    -1.898368E-01  1.241502E+01  1.676223E+01  
96    2.124279E-01  1.604439E+01  1.616540E+01  
97    -2.310859E-01  1.672889E+01  1.625696E+01  
98    -2.584740E-01  1.395158E+01  1.835321E+01  
99    -8.812593E-01  1.465706E+01  1.537368E+01  
100   1.029514E+00  1.504164E+01  1.690469E+01  
101   1.267640E+00  1.635608E+01  1.663734E+01  
102   6.827419E-01  1.494446E+01  1.580393E+01  
103   -4.994301E-01  1.551408E+01  1.692088E+01  
104   8.285135E-02  1.391523E+01  1.334199E+01  
105   3.230159E-01  1.449486E+01  1.720354E+01  
106   5.442977E-01  1.526703E+01  1.693107E+01  
107   2.949504E-01  1.279160E+01  1.633078E+01  
108   -9.061567E-01  1.471572E+01  1.638672E+01  
109   8.763778E-02  1.523059E+01  1.963467E+01  
110   2.389611E+00  1.741016E+01  1.929013E+01  
111   1.015678E+00  1.478024E+01  1.703577E+01  
112   5.071105E-01  1.524491E+01  1.696725E+01  
113   9.374397E-01  1.511655E+01  1.670272E+01  
114   -8.935720E-01  1.466083E+01  1.652659E+01  
115   1.347396E+00  1.440757E+01  1.935494E+01  
116   -1.968448E-01  1.652181E+01  1.502713E+01  
117   -7.419203E-01  1.455292E+01  1.548304E+01  
118   9.310098E-02  1.457396E+01  1.671576E+01  
119   -2.136724E-02  1.447827E+01  1.632615E+01  
120   -9.176321E-01  1.471730E+01  1.639175E+01  
121   9.751849E-01  1.480937E+01  1.495531E+01  
122   -8.733688E-01  1.412427E+01  1.552242E+01  
123   -7.190880E-01  1.480590E+01  1.655302E+01  
124   -3.698148E-01  1.595868E+01  1.666781E+01  
125   5.705829E-01  1.439663E+01  1.666979E+01  
126   -8.709710E-01  1.463000E+01  1.650275E+01  
127   -9.330086E-01  1.468525E+01  1.652112E+01  
