Soil Parameters
STAS
19,1   'BB      DRYSMC      F11     MAXSMC   REFSMC   SATPSI  SATDK       SATDW     WLTSMC  QTZ    '
1,    2.808127,    0.010,    -0.472,    0.4670669,    0.09166434,    0.069,    2.550893e-05,    0.608E-6,    0.010,    0.92,    'SAND'
2,    4.2876777849462355,    0.028,    -1.044,    0.43696703311111107,    0.14876034838983015,    0.036,    7.718367231759658e-06,    0.514E-5,    0.028,    0.82,    'LOAMY    SAND'
3,    4.770796408602151,    0.047,    -0.569,    0.4504600768888887,    0.14876034838983015,    0.141,    2.86291210085837e-06,    0.805E-5,    0.047,    0.60,    'SANDY    LOAM'
4,    5.364629716845879,    0.084,    0.162,    0.4940529875555556,    0.13982695932203362,    0.759,    1.538199427038627e-06,    0.239E-4,    0.084,    0.25,    'SILT    LOAM'
5,    5.364629716845879,    0.084,    0.162,    0.4940529875555556,    0.14876034838983015,    0.759,    1.538199427038627e-06,    0.239E-4,    0.084,    0.10,    'SILT'
6,    5.284109946236559,    0.066,    -0.327,    0.45564970911111097,    0.1277863044915253,    0.355,    1.8502185278969959e-06,    0.143E-4,    0.066,    0.40,    'LOAM'
7,    6.81398558781362,    0.067,    -1.491,    0.41932228355555545,    0.1219601811864404,    0.135,    2.4359385944206013e-06,    0.990E-5,    0.067,    0.60,    'SANDY    CLAY    LOAM'
8,    8.776654996415772,    0.120,    -1.118,    0.48159787022222217,    0.15031398127118617,    0.617,    1.1112259206008588e-06,    0.237E-4,    0.120,    0.10,    'SILTY    CLAY    LOAM'
9,    8.223081573476701,    0.103,    -1.297,    0.48263579666666656,    0.14837194016949146,    0.263,    1.3411347317596563e-06,    0.113E-4,    0.103,    0.35,    'CLAY    LOAM'
10,    10.79971423297491,    0.100,    -3.209,    0.42139813644444435,    0.13128197847457604,    0.098,    3.952241944206009e-06,    0.187E-4,    0.100,    0.52,    'SANDY    CLAY'
11,    10.457505207885308,    0.126,    -1.916,    0.485749576,    0.15691692101694887,    0.324,    7.335185879828328e-07,    0.964E-5,    0.126,    0.10,    'SILTY    CLAY'
12,   11.55,    0.138,    -2.138,   0.468,   0.412,   0.468,  9.74E-7,  0.112E-4,   0.138,  0.25, 'CLAY'
13,    5.25,    0.066,    -0.327,   0.439,   0.329,   0.355,  3.38E-6,  0.143E-4,   0.066,  0.05, 'ORGANIC MATERIAL'
14,     0.0,      0.0,       0.0,     1.0,     0.0,     0.0,      0.0,       0.0,     0.0,  0.60, 'WATER'
15,    2.79,    0.006,    -1.111,    0.20,    0.17,   0.069,  1.41E-4,  0.136E-3,   0.006,  0.07, 'BEDROCK'
16,    4.26,    0.028,    -1.044,   0.421,   0.283,   0.036,  1.41E-5,  0.514E-5,   0.028,  0.25, 'OTHER(land-ice)'
17,   11.55,    0.030,   -10.472,   0.468,   0.454,   0.468,  9.74E-7,  0.112E-4,   0.030,  0.60, 'PLAYA'
18,    2.79,    0.006,    -0.472,   0.200,    0.17,   0.069,  1.41E-4,  0.136E-3,   0.006,  0.52, 'LAVA'
19,    2.79,     0.01,    -0.472,   0.339,   0.236,   0.069,  4.66E-5,  0.608E-6,    0.01,  0.92, 'WHITE SAND'
Soil Parameters
STAS-RUC
19,1   'BB      DRYSMC       HC     MAXSMC   REFSMC   SATPSI  SATDK       SATDW     WLTSMC  QTZ    '
1,     4.05,    0.045,      1.47,   0.395,   0.174,   0.121,  1.76E-4,  0.608E-6,   0.068,  0.92, 'SAND'
2,     4.38,    0.057,      1.41,   0.410,   0.179,   0.090,  1.56E-4,  0.514E-5,   0.075,  0.82, 'LOAMY SAND'
3,     4.90,    0.065,      1.34,   0.435,   0.249,   0.218,  3.47E-5,  0.805E-5,   0.114,  0.60, 'SANDY LOAM'
4,     5.30,    0.067,      1.27,   0.485,   0.369,   0.786,  7.20E-6,  0.239E-4,   0.179,  0.25, 'SILT LOAM'
5,     5.30,    0.034,      1.27,   0.485,   0.369,   0.786,  7.20E-6,  0.239E-4,   0.179,  0.10, 'SILT'
6,     5.39,    0.078,      1.21,   0.451,   0.314,   0.478,  6.95E-6,  0.143E-4,   0.155,  0.40, 'LOAM'
7,     7.12,    0.100,      1.18,   0.420,   0.299,   0.299,  6.30E-6,  0.990E-5,   0.175,  0.60, 'SANDY CLAY LOAM'
8,     7.75,    0.089,      1.32,   0.477,   0.357,   0.356,  1.70E-6,  0.237E-4,   0.218,  0.10, 'SILTY CLAY LOAM'
9,     8.52,    0.095,      1.23,   0.476,   0.391,   0.630,  2.45E-6,  0.113E-4,   0.250,  0.35, 'CLAY LOAM'
10,   10.40,    0.100,      1.18,   0.426,   0.316,   0.153,  2.17E-6,  0.187E-4,   0.219,  0.52, 'SANDY CLAY'
11,   10.40,    0.070,      1.15,   0.492,   0.409,   0.490,  1.03E-6,  0.964E-5,   0.283,  0.10, 'SILTY CLAY'
12,   11.40,    0.068,      1.09,   0.482,   0.400,   0.405,  1.28E-6,  0.112E-4,   0.286,  0.25, 'CLAY'
13,    5.39,    0.078,      1.21,   0.451,   0.314,   0.478,  6.95E-6,  0.143E-4,   0.155,  0.05, 'ORGANIC MATERIAL'
14,     0.0,      0.0,      4.18,   1.0,     1.0,     0.0,      0.0,       0.0,     0.0,    0.00, 'WATER'
15,    4.05,    0.004,      2.03,   0.200,   0.10 ,   0.121,  1.41E-4,  0.136E-3,   0.006,  0.60, 'BEDROCK'
16,    4.90,    0.065,      2.10,   0.435,   0.249,   0.218,  3.47E-5,  0.514E-5,   0.114,  0.05, 'OTHER(land-ice)'
17,   11.40,    0.030,      1.41,   0.468,   0.454,   0.468,  9.74E-7,  0.112E-4,   0.030,  0.60, 'PLAYA'
18,    4.05,    0.006,      1.41,   0.200,   0.17,   0.069,  1.41E-4,  0.136E-3,   0.060,  0.52, 'LAVA'
19,    4.05,     0.01,      1.47,   0.339,   0.236,   0.069,  1.76E-4,  0.608E-6,   0.060,  0.92, 'WHITE SAND'

